# relative_time, cycles_done, cur_item, corpus_count, pending_total, pending_favs, map_size, saved_crashes, saved_hangs, max_depth, execs_per_sec, total_execs, edges_found, total_crashes, servers_count
60, 0, 4, 261, 260, 73, 25.83%, 0, 0, 2, 721.53, 26869, 2678, 0, 0
65, 0, 4, 267, 266, 73, 26.13%, 0, 0, 2, 714.33, 30453, 2709, 0, 0
71, 0, 7, 289, 286, 87, 26.33%, 0, 0, 2, 779.47, 34798, 2730, 0, 0
76, 0, 7, 317, 314, 87, 26.77%, 0, 0, 2, 889.27, 39380, 2775, 0, 0
81, 0, 7, 338, 335, 87, 27.12%, 0, 0, 2, 907.61, 44105, 2812, 0, 0
86, 0, 8, 360, 356, 125, 27.30%, 0, 0, 2, 889.13, 48680, 2830, 0, 0
91, 0, 8, 379, 375, 125, 27.89%, 0, 0, 2, 866.92, 53234, 2892, 0, 0
96, 0, 8, 391, 387, 125, 27.96%, 0, 0, 2, 867.27, 57534, 2899, 0, 0
101, 0, 8, 395, 391, 125, 27.98%, 0, 0, 2, 900.33, 62237, 2901, 0, 0
107, 0, 8, 401, 397, 125, 28.14%, 0, 0, 2, 910.79, 66878, 2918, 0, 0
112, 0, 8, 403, 399, 125, 28.16%, 0, 0, 2, 846.01, 70890, 2920, 0, 0
117, 0, 8, 407, 403, 125, 28.21%, 0, 0, 2, 882.46, 75462, 2925, 0, 0
122, 0, 8, 411, 407, 125, 28.25%, 0, 0, 2, 890.65, 80080, 2929, 0, 0
127, 0, 8, 416, 412, 125, 28.29%, 0, 0, 2, 878.18, 84484, 2933, 0, 0
132, 0, 8, 420, 416, 125, 28.32%, 0, 0, 2, 871.01, 89085, 2936, 0, 0
137, 0, 8, 427, 423, 125, 28.37%, 0, 0, 2, 844.03, 93282, 2941, 0, 0
142, 0, 8, 430, 426, 125, 28.39%, 0, 0, 2, 870.01, 97723, 2943, 0, 0
147, 0, 11, 433, 428, 151, 28.43%, 0, 0, 2, 802.03, 101740, 2948, 0, 0
152, 0, 14, 441, 435, 153, 28.65%, 0, 0, 2, 802.22, 105870, 2970, 0, 0
158, 0, 14, 459, 453, 153, 28.73%, 0, 0, 2, 860.56, 110355, 2979, 0, 0
163, 0, 14, 468, 462, 153, 28.75%, 0, 0, 2, 832.59, 114671, 2981, 0, 0
168, 0, 14, 476, 470, 153, 28.76%, 0, 0, 2, 875.12, 119246, 2982, 0, 0
173, 0, 14, 479, 473, 153, 28.76%, 0, 0, 2, 867.64, 123636, 2982, 0, 0
178, 0, 14, 482, 476, 153, 28.82%, 0, 0, 2, 848.11, 127873, 2988, 0, 0
183, 0, 14, 491, 485, 153, 28.83%, 0, 0, 2, 864.50, 132271, 2989, 0, 0
188, 0, 14, 493, 487, 153, 28.83%, 0, 0, 2, 861.76, 136586, 2989, 0, 0
193, 0, 14, 496, 490, 153, 28.84%, 0, 0, 2, 886.28, 141044, 2990, 0, 0
198, 0, 14, 499, 493, 153, 28.86%, 0, 0, 2, 896.07, 145706, 2992, 0, 0
203, 0, 14, 506, 500, 153, 28.96%, 0, 0, 2, 900.45, 150226, 3003, 0, 0
208, 0, 14, 510, 504, 153, 28.97%, 0, 0, 2, 892.70, 154640, 3004, 0, 0
214, 0, 15, 512, 505, 172, 28.99%, 0, 0, 2, 892.69, 159274, 3006, 0, 0
219, 0, 16, 540, 532, 171, 29.08%, 0, 0, 2, 834.91, 163294, 3015, 0, 0
224, 0, 16, 549, 541, 171, 29.08%, 0, 0, 2, 863.63, 167713, 3015, 0, 0
229, 0, 16, 559, 551, 171, 29.11%, 0, 0, 2, 878.90, 172135, 3018, 0, 0
234, 0, 16, 564, 556, 171, 29.13%, 0, 0, 2, 885.76, 176726, 3020, 0, 0
239, 0, 16, 566, 558, 171, 29.14%, 0, 0, 2, 821.05, 180865, 3021, 0, 0
244, 0, 16, 571, 563, 171, 29.14%, 0, 0, 2, 860.61, 185343, 3021, 0, 0
249, 0, 16, 575, 567, 171, 29.16%, 0, 0, 2, 890.01, 189961, 3023, 0, 0
254, 0, 16, 579, 571, 171, 29.19%, 0, 0, 2, 909.60, 194540, 3026, 0, 0
259, 0, 16, 583, 575, 171, 29.21%, 0, 0, 2, 898.01, 199129, 3029, 0, 0
264, 0, 16, 586, 578, 171, 29.22%, 0, 0, 2, 900.50, 203697, 3030, 0, 0
270, 0, 16, 586, 578, 171, 29.22%, 0, 0, 2, 880.47, 208211, 3030, 0, 0
275, 0, 16, 592, 584, 171, 29.24%, 0, 0, 2, 878.13, 212571, 3032, 0, 0
280, 0, 17, 600, 591, 184, 29.28%, 0, 0, 2, 877.25, 216987, 3036, 0, 0
285, 0, 21, 619, 608, 187, 29.32%, 0, 0, 2, 856.87, 221469, 3040, 0, 0
290, 0, 25, 644, 632, 185, 29.35%, 0, 0, 2, 871.05, 225925, 3043, 0, 0
295, 0, 25, 651, 639, 185, 29.39%, 0, 0, 2, 837.73, 230213, 3047, 0, 0
300, 0, 25, 655, 643, 185, 29.41%, 0, 0, 2, 842.86, 234401, 3049, 0, 0
305, 0, 26, 667, 654, 184, 29.46%, 0, 0, 2, 822.16, 238588, 3054, 0, 0
310, 0, 26, 677, 664, 184, 29.49%, 0, 0, 2, 788.36, 242490, 3058, 0, 0
315, 0, 26, 679, 666, 184, 29.49%, 0, 0, 2, 809.65, 246719, 3058, 0, 0
321, 0, 26, 688, 675, 184, 29.53%, 0, 0, 2, 826.35, 250942, 3062, 0, 0
326, 0, 39, 707, 692, 185, 29.65%, 0, 0, 2, 842.86, 255467, 3074, 0, 0
331, 0, 40, 733, 717, 189, 29.68%, 0, 0, 2, 835.64, 259760, 3077, 0, 0
336, 0, 40, 741, 725, 189, 29.69%, 0, 0, 2, 863.77, 264286, 3078, 0, 0
341, 0, 40, 742, 726, 189, 29.69%, 0, 0, 2, 875.85, 268747, 3078, 0, 0
347, 0, 42, 749, 732, 192, 29.70%, 0, 0, 2, 869.79, 273418, 3079, 0, 0
352, 0, 43, 750, 732, 191, 29.70%, 0, 0, 2, 864.26, 277779, 3079, 0, 0
357, 0, 63, 779, 759, 189, 29.75%, 0, 0, 2, 858.57, 282112, 3084, 0, 0
362, 0, 64, 820, 799, 191, 29.82%, 0, 0, 2, 793.33, 286032, 3092, 0, 0
367, 0, 64, 826, 805, 191, 29.82%, 0, 0, 2, 787.67, 289989, 3092, 0, 0
372, 0, 64, 829, 808, 191, 29.82%, 0, 0, 2, 786.50, 294060, 3092, 0, 0
377, 0, 65, 841, 819, 197, 29.88%, 0, 0, 2, 783.91, 298093, 3098, 0, 0
382, 0, 65, 863, 841, 197, 29.88%, 0, 0, 2, 787.58, 302143, 3098, 0, 0
388, 0, 65, 864, 842, 197, 29.88%, 0, 0, 2, 751.71, 306005, 3098, 0, 0
393, 0, 65, 864, 842, 197, 29.88%, 0, 0, 2, 737.77, 309751, 3098, 0, 0
398, 0, 66, 883, 860, 200, 29.91%, 0, 0, 2, 755.59, 313685, 3101, 0, 0
403, 0, 66, 891, 868, 200, 29.92%, 0, 0, 2, 764.47, 317545, 3102, 0, 0
408, 0, 66, 892, 869, 200, 29.92%, 0, 0, 2, 761.22, 321392, 3102, 0, 0
413, 0, 66, 893, 870, 200, 29.93%, 0, 0, 2, 763.69, 325239, 3103, 0, 0
418, 0, 67, 899, 875, 202, 29.95%, 0, 0, 2, 765.64, 329091, 3105, 0, 0
423, 0, 67, 916, 892, 202, 29.96%, 0, 0, 2, 767.19, 332830, 3106, 0, 0
428, 0, 67, 919, 895, 202, 30.09%, 0, 0, 2, 785.61, 336826, 3120, 0, 0
433, 0, 67, 920, 896, 202, 30.09%, 0, 0, 2, 819.81, 341119, 3120, 0, 0
439, 0, 555, 935, 906, 205, 30.12%, 0, 0, 3, 858.16, 345853, 3123, 0, 0
444, 0, 106, 938, 903, 200, 30.14%, 0, 0, 3, 581.88, 348964, 3125, 0, 0
449, 0, 106, 951, 916, 200, 30.14%, 0, 0, 3, 320.38, 350215, 3125, 0, 0
454, 0, 106, 954, 919, 200, 30.14%, 0, 0, 3, 280.47, 351587, 3125, 0, 0
459, 0, 106, 960, 925, 200, 30.14%, 0, 0, 3, 284.05, 352999, 3125, 0, 0
464, 0, 106, 962, 927, 200, 30.14%, 0, 0, 3, 289.58, 354453, 3125, 0, 0
469, 0, 106, 963, 928, 200, 30.14%, 0, 0, 3, 292.54, 355955, 3125, 0, 0
475, 0, 106, 965, 930, 200, 30.14%, 0, 0, 3, 298.27, 357499, 3125, 0, 0
480, 0, 106, 965, 930, 200, 30.14%, 0, 0, 3, 295.21, 359024, 3125, 0, 0
485, 0, 106, 965, 930, 200, 30.14%, 0, 0, 3, 293.89, 360534, 3125, 0, 0
490, 0, 106, 966, 931, 200, 30.14%, 0, 0, 3, 295.48, 362021, 3125, 0, 0
496, 0, 127, 966, 930, 200, 30.14%, 0, 0, 3, 347.57, 364420, 3125, 0, 0
501, 0, 181, 967, 922, 191, 30.14%, 0, 0, 3, 587.17, 368670, 3125, 0, 0
507, 0, 181, 967, 922, 191, 30.14%, 0, 0, 3, 399.65, 370422, 3125, 0, 0
512, 0, 229, 968, 911, 179, 30.14%, 0, 0, 3, 671.13, 374125, 3125, 0, 0
517, 0, 252, 976, 918, 177, 30.14%, 0, 0, 3, 700.88, 377653, 3125, 0, 0
522, 0, 252, 981, 923, 177, 30.15%, 0, 0, 3, 702.68, 381132, 3126, 0, 0
527, 0, 252, 982, 924, 177, 30.15%, 0, 0, 3, 682.90, 384594, 3126, 0, 0
532, 0, 258, 984, 924, 178, 30.15%, 0, 0, 3, 753.06, 388610, 3126, 0, 0
537, 0, 823, 985, 922, 175, 30.15%, 0, 0, 3, 683.54, 391831, 3126, 0, 0
542, 0, 937, 986, 920, 172, 30.15%, 0, 0, 3, 693.68, 395804, 3126, 0, 0
548, 0, 264, 996, 929, 171, 30.26%, 0, 0, 3, 798.02, 399922, 3137, 0, 0
553, 0, 264, 1001, 934, 171, 30.29%, 0, 0, 3, 815.85, 404093, 3140, 0, 0
558, 0, 268, 1003, 935, 175, 30.29%, 0, 0, 3, 766.99, 408371, 3140, 0, 0
563, 0, 999, 1006, 924, 162, 30.29%, 0, 0, 3, 830.37, 412530, 3140, 0, 0
568, 0, 438, 1016, 924, 155, 30.29%, 0, 0, 3, 831.36, 416727, 3140, 0, 0
573, 0, 438, 1021, 929, 155, 30.31%, 0, 0, 3, 828.85, 420890, 3143, 0, 0
579, 0, 438, 1022, 930, 155, 30.31%, 0, 0, 3, 801.19, 424977, 3143, 0, 0
584, 0, 332, 1023, 930, 159, 30.31%, 0, 0, 3, 797.04, 428985, 3143, 0, 0
589, 0, 975, 1025, 921, 148, 30.31%, 0, 0, 3, 803.91, 433297, 3143, 0, 0
594, 0, 372, 1028, 914, 139, 30.32%, 0, 0, 3, 769.41, 437121, 3144, 0, 0
599, 0, 383, 1029, 902, 127, 30.33%, 0, 0, 3, 766.81, 440947, 3145, 0, 0
604, 0, 780, 1029, 889, 114, 30.33%, 0, 0, 3, 798.82, 445091, 3145, 0, 0
609, 0, 404, 1029, 878, 104, 30.33%, 0, 0, 3, 804.33, 449256, 3145, 0, 0
614, 0, 498, 1031, 872, 98, 30.35%, 0, 0, 4, 802.89, 453449, 3147, 0, 0
620, 0, 154, 1037, 870, 93, 30.40%, 0, 0, 4, 592.86, 456663, 3152, 0, 0
625, 0, 964, 1037, 863, 87, 30.40%, 0, 0, 4, 614.11, 459360, 3152, 0, 0
630, 0, 715, 1039, 858, 80, 30.40%, 0, 0, 4, 648.20, 462224, 3152, 0, 0
635, 0, 1038, 1043, 850, 71, 30.40%, 0, 0, 4, 767.17, 466322, 3152, 0, 0
641, 0, 533, 1044, 842, 62, 30.40%, 0, 0, 4, 831.06, 471251, 3152, 0, 0
646, 0, 593, 1049, 836, 54, 30.41%, 0, 0, 4, 843.31, 475448, 3153, 0, 0
651, 0, 650, 1053, 832, 49, 30.43%, 0, 0, 4, 842.10, 479722, 3155, 0, 0
656, 0, 973, 1054, 828, 44, 30.43%, 0, 0, 4, 746.79, 483481, 3155, 0, 0
661, 0, 750, 1054, 825, 41, 30.43%, 0, 0, 4, 760.57, 487300, 3155, 0, 0
666, 0, 812, 1055, 817, 33, 30.43%, 0, 0, 4, 773.66, 491178, 3155, 0, 0
671, 0, 1044, 1056, 812, 28, 30.43%, 0, 0, 5, 748.00, 494902, 3155, 0, 0
676, 0, 1029, 1056, 809, 26, 30.43%, 0, 0, 5, 746.80, 498777, 3155, 0, 0
681, 0, 892, 1059, 810, 25, 30.43%, 0, 0, 5, 756.85, 502813, 3155, 0, 0
687, 0, 918, 1062, 808, 23, 30.43%, 0, 0, 5, 753.58, 506787, 3155, 0, 0
692, 0, 922, 1071, 813, 19, 30.44%, 0, 0, 5, 835.70, 511208, 3156, 0, 0
697, 0, 922, 1075, 817, 19, 30.45%, 0, 0, 5, 862.91, 515533, 3157, 0, 0
702, 0, 922, 1077, 819, 19, 30.45%, 0, 0, 5, 886.95, 520018, 3157, 0, 0
708, 0, 998, 1079, 818, 23, 30.45%, 0, 0, 5, 865.12, 525010, 3157, 0, 0
713, 0, 1050, 1082, 809, 13, 30.45%, 0, 0, 5, 823.98, 529093, 3157, 0, 0
718, 0, 1079, 1083, 803, 7, 30.45%, 0, 0, 6, 754.72, 532883, 3157, 0, 0
723, 0, 837, 1086, 803, 4, 30.45%, 0, 0, 6, 689.15, 536360, 3157, 0, 0
728, 0, 185, 1087, 802, 4, 30.45%, 0, 0, 6, 488.23, 538920, 3157, 0, 0
733, 0, 368, 1087, 791, 0, 30.45%, 0, 0, 6, 735.46, 542738, 3157, 0, 0
738, 0, 880, 1090, 788, 0, 30.45%, 0, 0, 6, 788.56, 546964, 3157, 0, 0
743, 0, 82, 1091, 786, 0, 30.45%, 0, 0, 6, 792.52, 550999, 3157, 0, 0
749, 0, 15, 1095, 785, 0, 30.45%, 0, 0, 6, 849.92, 555429, 3157, 0, 0
754, 0, 772, 1096, 784, 0, 30.45%, 0, 0, 6, 532.45, 558142, 3157, 0, 0
759, 0, 863, 1099, 783, 0, 30.45%, 0, 0, 6, 756.24, 562419, 3157, 0, 0
764, 0, 1101, 1103, 782, 1, 30.45%, 0, 0, 6, 797.47, 566438, 3157, 0, 0
769, 0, 307, 1103, 780, 0, 30.45%, 0, 0, 6, 757.64, 570220, 3157, 0, 0
774, 0, 957, 1103, 780, 0, 30.45%, 0, 0, 6, 376.01, 571876, 3157, 0, 0
780, 0, 6, 1106, 781, 0, 30.45%, 0, 0, 6, 517.38, 574586, 3157, 0, 0
785, 0, 69, 1106, 777, 0, 30.45%, 0, 0, 6, 666.64, 578313, 3157, 0, 0
790, 0, 663, 1106, 775, 0, 30.45%, 0, 0, 6, 772.14, 582496, 3157, 0, 0
795, 0, 822, 1107, 770, 0, 30.45%, 0, 0, 6, 817.45, 586614, 3157, 0, 0
800, 0, 780, 1108, 764, 0, 30.45%, 0, 0, 6, 813.00, 590686, 3157, 0, 0
805, 0, 107, 1108, 760, 0, 30.45%, 0, 0, 6, 539.44, 593600, 3157, 0, 0
811, 0, 1019, 1110, 760, 0, 30.45%, 0, 0, 6, 499.98, 595690, 3157, 0, 0
816, 0, 87, 1110, 757, 0, 30.45%, 0, 0, 6, 516.51, 598762, 3157, 0, 0
821, 0, 146, 1112, 756, 0, 30.47%, 0, 0, 6, 742.97, 602728, 3159, 0, 0
828, 0, 1112, 1113, 756, 1, 30.47%, 0, 0, 6, 590.39, 606574, 3159, 0, 0
833, 0, 507, 1115, 752, 0, 30.47%, 0, 0, 6, 748.87, 610789, 3159, 0, 0
838, 0, 986, 1116, 747, 0, 30.47%, 0, 0, 6, 815.93, 614976, 3159, 0, 0
843, 0, 796, 1116, 742, 0, 30.47%, 0, 0, 6, 769.95, 618944, 3159, 0, 0
848, 0, 733, 1116, 739, 0, 30.47%, 0, 0, 6, 774.43, 622974, 3159, 0, 0
853, 0, 725, 1117, 733, 0, 30.47%, 0, 0, 6, 808.27, 626936, 3159, 0, 0
858, 0, 442, 1118, 727, 0, 30.47%, 0, 0, 6, 840.01, 631294, 3159, 0, 0
863, 0, 283, 1124, 731, 0, 30.47%, 0, 0, 6, 855.62, 635589, 3159, 0, 0
869, 0, 283, 1125, 732, 0, 30.47%, 0, 0, 6, 858.53, 639897, 3159, 0, 0
874, 0, 283, 1125, 732, 0, 30.47%, 0, 0, 6, 766.94, 643692, 3159, 0, 0
879, 0, 155, 1125, 729, 0, 30.47%, 0, 0, 6, 759.84, 647781, 3159, 0, 0
884, 0, 210, 1125, 728, 0, 30.47%, 0, 0, 6, 549.86, 649974, 3159, 0, 0
889, 0, 156, 1125, 727, 0, 30.47%, 0, 0, 6, 442.83, 652386, 3159, 0, 0
894, 0, 939, 1125, 726, 0, 30.47%, 0, 0, 6, 332.19, 653984, 3159, 0, 0
899, 0, 720, 1125, 724, 0, 30.47%, 0, 0, 6, 605.04, 657115, 3159, 0, 0
904, 0, 94, 1125, 718, 0, 30.47%, 0, 0, 6, 606.92, 660501, 3159, 0, 0
909, 0, 878, 1125, 716, 0, 30.47%, 0, 0, 6, 576.14, 662956, 3159, 0, 0
915, 0, 131, 1126, 714, 0, 30.47%, 0, 0, 6, 718.19, 666984, 3159, 0, 0
920, 0, 191, 1126, 710, 0, 30.47%, 0, 0, 6, 622.33, 669552, 3159, 0, 0
925, 0, 865, 1126, 708, 0, 30.47%, 0, 0, 6, 561.63, 671894, 3159, 0, 0
930, 0, 1053, 1127, 706, 0, 30.47%, 0, 0, 6, 720.85, 675902, 3159, 0, 0
935, 0, 1021, 1129, 703, 0, 30.49%, 0, 0, 6, 793.80, 679798, 3161, 0, 0
940, 0, 502, 1133, 704, 1, 30.53%, 0, 0, 6, 841.01, 684203, 3165, 0, 0
947, 0, 99, 1133, 703, 1, 30.53%, 0, 0, 6, 505.79, 687408, 3165, 0, 0
952, 0, 633, 1133, 697, 0, 30.53%, 0, 0, 6, 753.38, 691579, 3165, 0, 0
957, 0, 533, 1134, 694, 0, 30.53%, 0, 0, 6, 728.66, 695190, 3165, 0, 0
962, 0, 537, 1135, 690, 0, 30.53%, 0, 0, 6, 800.00, 699439, 3165, 0, 0
968, 0, 993, 1135, 688, 0, 30.53%, 0, 0, 6, 826.57, 703830, 3165, 0, 0
973, 0, 86, 1135, 686, 0, 30.53%, 0, 0, 6, 571.13, 706698, 3165, 0, 0
978, 0, 89, 1137, 686, 0, 30.53%, 0, 0, 6, 502.37, 709428, 3165, 0, 0
983, 0, 45, 1137, 682, 0, 30.53%, 0, 0, 6, 747.46, 713500, 3165, 0, 0
988, 0, 129, 1137, 682, 0, 30.53%, 0, 0, 6, 484.52, 715503, 3165, 0, 0
993, 0, 964, 1138, 678, 0, 30.53%, 0, 0, 6, 755.09, 719586, 3165, 0, 0
998, 0, 110, 1138, 675, 0, 30.53%, 0, 0, 6, 479.04, 722032, 3165, 0, 0
1004, 0, 365, 1138, 670, 0, 30.53%, 0, 0, 6, 665.07, 725585, 3165, 0, 0
1009, 0, 695, 1139, 668, 0, 30.53%, 0, 0, 6, 503.29, 728550, 3165, 0, 0
1014, 0, 651, 1139, 666, 0, 30.53%, 0, 0, 6, 457.33, 730612, 3165, 0, 0
1019, 0, 44, 1140, 665, 0, 30.53%, 0, 0, 6, 656.19, 734379, 3165, 0, 0
1024, 0, 1060, 1142, 662, 0, 30.53%, 0, 0, 6, 705.80, 738206, 3165, 0, 0
1029, 0, 970, 1142, 659, 0, 30.53%, 0, 0, 6, 719.13, 741897, 3165, 0, 0
1034, 0, 602, 1142, 655, 0, 30.53%, 0, 0, 6, 763.93, 745648, 3165, 0, 0
1039, 0, 215, 1142, 650, 0, 30.53%, 0, 0, 6, 766.09, 749396, 3165, 0, 0
1045, 0, 240, 1142, 648, 0, 30.53%, 0, 0, 6, 157.07, 751859, 3165, 0, 0
1052, 0, 218, 1142, 646, 0, 30.53%, 0, 0, 6, 486.66, 755906, 3165, 0, 0
1057, 0, 189, 1142, 642, 0, 30.53%, 0, 0, 6, 625.76, 759367, 3165, 0, 0
1062, 0, 126, 1142, 640, 0, 30.53%, 0, 0, 6, 446.98, 761262, 3165, 0, 0
1068, 0, 36, 1142, 637, 0, 30.53%, 0, 0, 6, 653.62, 764707, 3165, 0, 0
1073, 0, 890, 1143, 634, 0, 30.53%, 0, 0, 6, 759.01, 769087, 3165, 0, 0
1078, 0, 121, 1143, 629, 0, 30.53%, 0, 0, 6, 726.09, 772801, 3165, 0, 0
1083, 0, 179, 1143, 627, 0, 30.53%, 0, 0, 6, 542.49, 775591, 3165, 0, 0
1088, 0, 889, 1144, 623, 0, 30.53%, 0, 0, 6, 711.52, 779244, 3165, 0, 0
1093, 1, 718, 1144, 620, 0, 30.53%, 0, 0, 6, 688.81, 783014, 3165, 0, 0
1098, 1, 962, 1144, 614, 0, 30.53%, 0, 0, 6, 582.31, 786033, 3165, 0, 0
1103, 1, 254, 1144, 611, 0, 30.53%, 0, 0, 6, 610.43, 789125, 3165, 0, 0
1109, 1, 743, 1144, 603, 0, 30.53%, 0, 0, 6, 754.38, 793579, 3165, 0, 0
1114, 1, 192, 1144, 594, 0, 30.53%, 0, 0, 6, 731.43, 797431, 3165, 0, 0
1119, 1, 676, 1144, 592, 0, 30.53%, 0, 0, 6, 707.86, 801031, 3165, 0, 0
1124, 1, 1145, 1150, 593, 1, 31.39%, 0, 0, 6, 804.50, 805129, 3254, 0, 0
1129, 1, 909, 1151, 590, 0, 31.39%, 0, 0, 6, 831.82, 809385, 3254, 0, 0
1134, 1, 599, 1151, 587, 0, 31.39%, 0, 0, 6, 518.72, 811237, 3254, 0, 0
1140, 1, 225, 1151, 583, 0, 31.39%, 0, 0, 6, 685.52, 815342, 3254, 0, 0
1145, 1, 168, 1151, 580, 0, 31.39%, 0, 0, 6, 454.68, 817615, 3254, 0, 0
1150, 1, 595, 1151, 576, 0, 31.39%, 0, 0, 6, 538.26, 819976, 3254, 0, 0
1155, 1, 450, 1153, 569, 0, 31.39%, 0, 0, 6, 787.04, 824358, 3254, 0, 0
1160, 1, 1156, 1158, 572, 1, 31.39%, 0, 0, 6, 779.82, 828266, 3255, 0, 0
1165, 1, 170, 1159, 568, 0, 31.39%, 0, 0, 6, 546.13, 831205, 3255, 0, 0
1170, 1, 1037, 1161, 567, 0, 31.39%, 0, 0, 6, 569.27, 834319, 3255, 0, 0
1175, 1, 124, 1161, 563, 0, 31.39%, 0, 0, 6, 444.98, 836553, 3255, 0, 0
1180, 1, 109, 1162, 561, 0, 31.39%, 0, 0, 6, 493.00, 840025, 3255, 0, 0
1185, 1, 787, 1162, 556, 0, 31.39%, 0, 0, 6, 596.01, 842777, 3255, 0, 0
1191, 1, 943, 1164, 553, 0, 31.39%, 0, 0, 6, 627.77, 846324, 3255, 0, 0
1196, 1, 100, 1164, 551, 0, 31.39%, 0, 0, 6, 444.21, 848401, 3255, 0, 0
1201, 1, 804, 1164, 550, 0, 31.39%, 0, 0, 6, 436.81, 850422, 3255, 0, 0
1206, 1, 141, 1164, 548, 0, 31.39%, 0, 0, 6, 501.25, 853419, 3255, 0, 0
1211, 1, 981, 1164, 546, 0, 31.39%, 0, 0, 6, 591.12, 856150, 3255, 0, 0
1216, 1, 111, 1165, 541, 0, 31.39%, 0, 0, 6, 588.73, 859509, 3255, 0, 0
1221, 1, 647, 1165, 539, 0, 31.39%, 0, 0, 6, 527.16, 861692, 3255, 0, 0
1226, 1, 1166, 1172, 543, 1, 31.39%, 0, 0, 6, 771.56, 866008, 3255, 0, 0
1231, 1, 9, 1180, 547, 0, 31.39%, 0, 0, 6, 816.50, 870082, 3255, 0, 0
1236, 1, 9, 1183, 550, 0, 31.40%, 0, 0, 6, 880.01, 874574, 3256, 0, 0
1242, 1, 9, 1184, 551, 0, 31.41%, 0, 0, 6, 901.15, 879244, 3257, 0, 0
1247, 1, 1164, 1185, 550, 1, 31.41%, 0, 0, 6, 894.90, 883871, 3257, 0, 0
1252, 1, 224, 1185, 545, 0, 31.41%, 0, 0, 6, 679.06, 887083, 3257, 0, 0
1257, 1, 118, 1185, 542, 0, 31.41%, 0, 0, 6, 499.48, 889756, 3257, 0, 0
1262, 1, 117, 1185, 540, 0, 31.41%, 0, 0, 6, 478.27, 892293, 3257, 0, 0
1267, 1, 854, 1185, 536, 0, 31.41%, 0, 0, 6, 715.10, 896266, 3257, 0, 0
1272, 1, 199, 1185, 531, 0, 31.41%, 0, 0, 6, 794.64, 900378, 3257, 0, 0
1277, 1, 207, 1185, 522, 0, 31.41%, 0, 0, 6, 802.11, 904499, 3257, 0, 0
1282, 1, 961, 1185, 519, 0, 31.41%, 0, 0, 6, 622.96, 907137, 3257, 0, 0
1288, 1, 947, 1185, 517, 0, 31.41%, 0, 0, 6, 408.49, 909113, 3257, 0, 0
1293, 1, 1082, 1186, 512, 0, 31.41%, 0, 0, 6, 696.16, 912731, 3257, 0, 0
1298, 1, 133, 1187, 508, 0, 31.41%, 0, 0, 6, 779.08, 916853, 3257, 0, 0
1303, 1, 526, 1187, 507, 0, 31.41%, 0, 0, 6, 540.47, 918876, 3257, 0, 0
1308, 1, 860, 1190, 501, 0, 31.41%, 0, 0, 6, 782.97, 923265, 3257, 0, 0
1313, 1, 696, 1191, 496, 0, 31.41%, 0, 0, 6, 812.06, 927461, 3257, 0, 0
1318, 1, 1094, 1192, 490, 0, 31.42%, 0, 0, 6, 809.13, 931597, 3258, 0, 0
1324, 1, 148, 1192, 488, 0, 31.42%, 0, 0, 6, 507.36, 934176, 3258, 0, 0
1329, 1, 91, 1192, 485, 0, 31.42%, 0, 0, 6, 532.42, 936650, 3258, 0, 0
1334, 1, 102, 1192, 484, 0, 31.42%, 0, 0, 6, 381.10, 938648, 3258, 0, 0
1340, 1, 1183, 1193, 482, 0, 31.42%, 0, 0, 6, 539.98, 941499, 3258, 0, 0
1346, 1, 728, 1193, 479, 0, 31.42%, 0, 0, 6, 697.54, 946311, 3258, 0, 0
1351, 1, 136, 1195, 475, 0, 31.42%, 0, 0, 6, 563.43, 949366, 3258, 0, 0
1356, 1, 101, 1196, 470, 0, 31.42%, 0, 0, 6, 697.15, 952905, 3258, 0, 0
1361, 1, 289, 1196, 467, 0, 31.42%, 0, 0, 6, 567.18, 955142, 3258, 0, 0
1367, 1, 789, 1196, 465, 0, 31.42%, 0, 0, 6, 727.91, 959578, 3258, 0, 0
1372, 1, 1140, 1196, 456, 0, 31.42%, 0, 0, 6, 752.78, 963579, 3258, 0, 0
1377, 1, 664, 1197, 455, 0, 31.42%, 0, 0, 6, 544.03, 966312, 3258, 0, 0
1382, 1, 705, 1197, 452, 0, 31.42%, 0, 0, 6, 549.92, 968835, 3258, 0, 0
1387, 1, 1197, 1198, 449, 1, 31.44%, 0, 0, 6, 682.15, 972645, 3260, 0, 0
1392, 1, 1188, 1199, 447, 0, 31.44%, 0, 0, 6, 766.21, 976612, 3260, 0, 0
1397, 1, 670, 1199, 440, 0, 31.44%, 0, 0, 6, 771.36, 980507, 3260, 0, 0
1402, 1, 204, 1199, 436, 0, 31.44%, 0, 0, 6, 785.90, 984470, 3260, 0, 0
1407, 1, 732, 1199, 433, 0, 31.44%, 0, 0, 6, 779.12, 988634, 3260, 0, 0
1413, 1, 576, 1199, 430, 0, 31.44%, 0, 0, 6, 600.17, 991170, 3260, 0, 0
1418, 1, 198, 1200, 426, 0, 31.44%, 0, 0, 6, 791.72, 995540, 3260, 0, 0
1423, 1, 172, 1200, 424, 0, 31.44%, 0, 0, 6, 573.63, 998546, 3260, 0, 0
1428, 1, 194, 1200, 422, 0, 31.44%, 0, 0, 6, 451.70, 1001301, 3260, 0, 0
1433, 1, 992, 1200, 417, 0, 31.44%, 0, 0, 6, 204.10, 1004407, 3260, 0, 0
1438, 1, 302, 1201, 412, 0, 31.44%, 0, 0, 6, 551.74, 1006726, 3260, 0, 0
1443, 1, 797, 1204, 412, 0, 31.44%, 0, 0, 6, 638.12, 1010249, 3260, 0, 0
1448, 1, 950, 1204, 408, 0, 31.44%, 0, 0, 6, 487.74, 1012484, 3260, 0, 0
1453, 1, 182, 1204, 403, 0, 31.44%, 0, 0, 6, 656.15, 1015871, 3260, 0, 0
1458, 1, 574, 1204, 401, 0, 31.44%, 0, 0, 6, 622.30, 1018513, 3260, 0, 0
1463, 1, 781, 1204, 395, 0, 31.44%, 0, 0, 6, 748.99, 1022656, 3260, 0, 0
1469, 1, 502, 1206, 393, 0, 31.44%, 0, 0, 6, 771.03, 1026812, 3260, 0, 0
1474, 1, 954, 1206, 392, 0, 31.44%, 0, 0, 6, 449.54, 1028974, 3260, 0, 0
1479, 1, 921, 1206, 388, 0, 31.44%, 0, 0, 6, 732.95, 1032917, 3260, 0, 0
1484, 1, 120, 1206, 385, 0, 31.44%, 0, 0, 6, 724.55, 1036719, 3260, 0, 0
1489, 1, 120, 1206, 385, 0, 31.44%, 0, 0, 6, 478.99, 1038472, 3260, 0, 0
1494, 1, 271, 1206, 377, 0, 31.44%, 0, 0, 6, 751.76, 1042698, 3260, 0, 0
1499, 1, 135, 1206, 371, 0, 31.44%, 0, 0, 6, 556.82, 1045586, 3260, 0, 0
1504, 1, 618, 1206, 369, 0, 31.44%, 0, 0, 6, 393.33, 1047424, 3260, 0, 0
1509, 1, 898, 1207, 366, 0, 31.44%, 0, 0, 6, 664.90, 1051670, 3260, 0, 0
1514, 1, 823, 1208, 362, 0, 31.44%, 0, 0, 6, 718.30, 1055337, 3260, 0, 0
1519, 1, 915, 1209, 360, 0, 31.44%, 0, 0, 6, 814.96, 1059567, 3260, 0, 0
1526, 1, 626, 1211, 356, 0, 31.44%, 0, 0, 6, 794.42, 1064880, 3260, 0, 0
1531, 1, 1155, 1212, 354, 0, 31.44%, 0, 0, 6, 740.65, 1068574, 3260, 0, 0
1536, 1, 577, 1212, 349, 0, 31.44%, 0, 0, 6, 779.44, 1072526, 3260, 0, 0
1541, 1, 217, 1212, 346, 0, 31.44%, 0, 0, 6, 753.58, 1076405, 3260, 0, 0
1546, 1, 810, 1213, 340, 0, 31.44%, 0, 0, 6, 804.92, 1080547, 3260, 0, 0
1551, 1, 1199, 1213, 336, 0, 31.44%, 0, 0, 6, 809.12, 1084656, 3260, 0, 0
1557, 1, 849, 1214, 335, 0, 31.44%, 0, 0, 6, 799.88, 1088890, 3260, 0, 0
1562, 1, 1205, 1214, 330, 0, 31.44%, 0, 0, 6, 765.49, 1092612, 3260, 0, 0
1567, 1, 41, 1214, 325, 0, 31.44%, 0, 0, 6, 779.16, 1096561, 3260, 0, 0
1572, 1, 746, 1217, 326, 0, 31.44%, 0, 0, 6, 702.81, 1100053, 3260, 0, 0
1578, 1, 144, 1217, 324, 0, 31.44%, 0, 0, 6, 490.55, 1102930, 3260, 0, 0
1583, 1, 904, 1221, 325, 0, 31.44%, 0, 0, 6, 711.51, 1106834, 3260, 0, 0
1588, 1, 994, 1221, 321, 0, 31.44%, 0, 0, 6, 748.27, 1110760, 3260, 0, 0
1594, 1, 115, 1221, 318, 0, 31.44%, 0, 0, 6, 487.89, 1113153, 3260, 0, 0
1599, 1, 853, 1221, 317, 0, 31.44%, 0, 0, 6, 473.45, 1115203, 3260, 0, 0
1604, 1, 842, 1222, 313, 0, 31.44%, 0, 0, 6, 658.17, 1118767, 3260, 0, 0
1609, 1, 1056, 1223, 311, 0, 31.44%, 0, 0, 6, 581.43, 1121623, 3260, 0, 0
1614, 1, 463, 1223, 307, 0, 31.44%, 0, 0, 6, 503.68, 1125775, 3260, 0, 0
1619, 1, 212, 1223, 301, 0, 31.44%, 0, 0, 6, 668.03, 1129507, 3260, 0, 0
1625, 1, 844, 1223, 299, 0, 31.44%, 0, 0, 6, 742.45, 1133691, 3260, 0, 0
1630, 1, 873, 1224, 294, 0, 31.45%, 0, 0, 6, 809.62, 1137929, 3261, 0, 0
1635, 1, 1099, 1224, 290, 0, 31.45%, 0, 0, 6, 812.98, 1142041, 3261, 0, 0
1640, 1, 946, 1224, 283, 0, 31.45%, 0, 0, 6, 720.25, 1145720, 3261, 0, 0
1645, 1, 946, 1225, 284, 0, 31.45%, 0, 0, 6, 459.57, 1147581, 3261, 0, 0
1650, 1, 952, 1225, 282, 0, 31.45%, 0, 0, 6, 459.17, 1150120, 3261, 0, 0
1655, 1, 635, 1225, 275, 0, 31.45%, 0, 0, 6, 699.17, 1154112, 3261, 0, 0
1660, 1, 1203, 1225, 273, 0, 31.45%, 0, 0, 6, 634.72, 1157031, 3261, 0, 0
1665, 1, 128, 1226, 270, 0, 31.45%, 0, 0, 6, 685.38, 1160914, 3261, 0, 0
1671, 1, 1194, 1226, 269, 0, 31.45%, 0, 0, 6, 487.60, 1162951, 3261, 0, 0
1677, 1, 965, 1226, 267, 0, 31.45%, 0, 0, 6, 567.36, 1166678, 3261, 0, 0
1682, 1, 526, 1226, 263, 0, 31.45%, 0, 0, 6, 526.65, 1169442, 3261, 0, 0
1687, 1, 236, 1226, 260, 0, 31.45%, 0, 0, 6, 701.69, 1173416, 3261, 0, 0
1692, 1, 1108, 1226, 259, 0, 31.45%, 0, 0, 6, 366.55, 1175074, 3261, 0, 0
1697, 1, 322, 1227, 258, 0, 31.45%, 0, 0, 6, 508.93, 1177420, 3261, 0, 0
1702, 1, 681, 1228, 254, 0, 31.45%, 0, 0, 6, 678.32, 1181186, 3261, 0, 0
1707, 1, 1190, 1228, 251, 0, 31.45%, 0, 0, 6, 790.38, 1185299, 3261, 0, 0
1712, 1, 540, 1229, 247, 0, 31.45%, 0, 0, 6, 804.23, 1189392, 3261, 0, 0
1717, 1, 429, 1229, 243, 0, 31.45%, 0, 0, 6, 831.05, 1193603, 3261, 0, 0
1723, 1, 152, 1230, 241, 0, 31.45%, 0, 0, 6, 729.66, 1197177, 3261, 0, 0
1728, 1, 18, 1230, 238, 0, 31.45%, 0, 0, 6, 673.78, 1200351, 3261, 0, 0
1734, 1, 969, 1231, 237, 0, 31.45%, 0, 0, 6, 662.65, 1204406, 3261, 0, 0
1739, 1, 1187, 1232, 233, 0, 31.46%, 0, 0, 6, 804.11, 1208098, 3262, 0, 0
1744, 2, 139, 1233, 231, 0, 31.46%, 0, 0, 6, 717.53, 1211757, 3262, 0, 0
1749, 2, 1233, 1234, 230, 1, 31.47%, 0, 0, 6, 542.92, 1214014, 3263, 0, 0
1755, 2, 989, 1236, 230, 0, 31.47%, 0, 0, 6, 730.23, 1218997, 3263, 0, 0
1761, 2, 490, 1238, 229, 0, 31.47%, 0, 0, 6, 492.14, 1221427, 3263, 0, 0
1766, 2, 1217, 1240, 227, 0, 31.47%, 0, 0, 6, 732.91, 1225578, 3263, 0, 0
1771, 2, 158, 1241, 223, 0, 31.47%, 0, 0, 6, 742.95, 1229278, 3263, 0, 0
1776, 2, 158, 1241, 223, 0, 31.47%, 0, 0, 6, 477.55, 1231112, 3263, 0, 0
1781, 2, 1236, 1241, 220, 0, 31.47%, 0, 0, 6, 451.83, 1233778, 3263, 0, 0
1786, 2, 209, 1242, 214, 0, 31.47%, 0, 0, 6, 719.74, 1237879, 3263, 0, 0
1791, 2, 639, 1243, 211, 0, 31.47%, 0, 0, 6, 785.26, 1241853, 3263, 0, 0
1796, 2, 202, 1244, 211, 0, 31.49%, 0, 0, 6, 718.13, 1245419, 3265, 0, 0
1801, 2, 1243, 1244, 210, 1, 31.49%, 0, 0, 6, 186.67, 1246409, 3265, 0, 0
