# relative_time, cycles_done, cur_item, corpus_count, pending_total, pending_favs, map_size, saved_crashes, saved_hangs, max_depth, execs_per_sec, total_execs, edges_found, total_crashes, servers_count
63, 0, 4, 205, 205, 43, 4.46%, 0, 0, 2, 223.04, 15579, 2921, 0, 0
68, 0, 5, 214, 213, 83, 4.46%, 0, 0, 2, 283.11, 17152, 2921, 0, 0
73, 0, 7, 235, 233, 83, 4.49%, 0, 0, 2, 388.45, 19411, 2940, 0, 0
78, 0, 7, 246, 244, 83, 4.52%, 0, 0, 2, 399.18, 21622, 2964, 0, 0
84, 0, 7, 259, 257, 83, 4.55%, 0, 0, 2, 455.71, 24069, 2984, 0, 0
89, 0, 7, 260, 258, 83, 4.55%, 0, 0, 2, 443.90, 26298, 2984, 0, 0
94, 0, 7, 268, 266, 83, 4.64%, 0, 0, 2, 413.04, 28315, 3039, 0, 0
99, 0, 7, 274, 272, 83, 4.67%, 0, 0, 2, 402.32, 30237, 3062, 0, 0
104, 0, 8, 288, 285, 106, 4.69%, 0, 0, 2, 440.36, 32619, 3072, 0, 0
109, 0, 8, 305, 302, 106, 4.77%, 0, 0, 2, 490.94, 35185, 3127, 0, 0
114, 0, 8, 314, 311, 106, 4.80%, 0, 0, 2, 472.29, 37552, 3145, 0, 0
119, 0, 8, 322, 319, 106, 4.83%, 0, 0, 2, 496.57, 40065, 3165, 0, 0
124, 0, 8, 329, 326, 106, 4.85%, 0, 0, 2, 508.16, 42678, 3176, 0, 0
129, 0, 8, 330, 327, 106, 4.85%, 0, 0, 2, 508.91, 45235, 3176, 0, 0
134, 0, 8, 336, 333, 106, 4.86%, 0, 0, 2, 488.83, 47678, 3184, 0, 0
139, 0, 8, 339, 336, 106, 4.90%, 0, 0, 2, 499.29, 50174, 3214, 0, 0
144, 0, 8, 341, 338, 106, 4.92%, 0, 0, 2, 462.33, 52286, 3224, 0, 0
149, 0, 8, 347, 344, 106, 4.94%, 0, 0, 2, 472.84, 54660, 3238, 0, 0
154, 0, 8, 351, 348, 106, 4.96%, 0, 0, 2, 509.85, 57314, 3252, 0, 0
159, 0, 8, 354, 351, 106, 4.96%, 0, 0, 2, 519.85, 59986, 3253, 0, 0
165, 0, 8, 362, 359, 106, 4.98%, 0, 0, 2, 524.85, 62702, 3264, 0, 0
170, 0, 8, 367, 364, 106, 4.98%, 0, 0, 2, 504.59, 65227, 3266, 0, 0
175, 0, 8, 370, 367, 106, 4.99%, 0, 0, 2, 502.10, 67768, 3268, 0, 0
180, 0, 8, 371, 368, 106, 5.00%, 0, 0, 2, 530.42, 70515, 3276, 0, 0
185, 0, 8, 373, 370, 106, 5.00%, 0, 0, 2, 514.89, 73139, 3276, 0, 0
190, 0, 8, 373, 370, 106, 5.00%, 0, 0, 2, 512.82, 75819, 3276, 0, 0
195, 0, 8, 375, 372, 106, 5.00%, 0, 0, 2, 513.31, 78413, 3278, 0, 0
200, 0, 8, 377, 374, 106, 5.01%, 0, 0, 2, 500.02, 80971, 3286, 0, 0
205, 0, 8, 378, 375, 106, 5.01%, 0, 0, 2, 489.91, 83453, 3286, 0, 0
210, 0, 9, 402, 398, 138, 5.03%, 0, 0, 2, 509.01, 86024, 3295, 0, 0
216, 0, 9, 410, 406, 138, 5.04%, 0, 0, 2, 532.52, 88800, 3300, 0, 0
221, 0, 9, 415, 411, 138, 5.05%, 0, 0, 2, 550.35, 91608, 3308, 0, 0
226, 0, 9, 421, 417, 138, 5.05%, 0, 0, 2, 557.80, 94488, 3311, 0, 0
231, 0, 9, 429, 425, 138, 5.06%, 0, 0, 2, 475.37, 96942, 3318, 0, 0
236, 0, 11, 431, 426, 146, 5.06%, 0, 0, 2, 363.05, 98834, 3318, 0, 0
241, 0, 14, 440, 434, 148, 5.11%, 0, 0, 2, 343.43, 100505, 3349, 0, 0
246, 0, 14, 451, 445, 148, 5.12%, 0, 0, 2, 450.37, 102933, 3354, 0, 0
251, 0, 14, 456, 450, 148, 5.13%, 0, 0, 2, 454.64, 105209, 3365, 0, 0
256, 0, 14, 461, 455, 148, 5.14%, 0, 0, 2, 506.42, 107856, 3368, 0, 0
261, 0, 14, 463, 457, 148, 5.14%, 0, 0, 2, 544.25, 110650, 3368, 0, 0
266, 0, 14, 468, 462, 148, 5.16%, 0, 0, 2, 553.27, 113499, 3383, 0, 0
271, 0, 14, 469, 463, 148, 5.16%, 0, 0, 2, 555.38, 116256, 3383, 0, 0
276, 0, 14, 470, 464, 148, 5.16%, 0, 0, 2, 540.50, 118919, 3383, 0, 0
282, 0, 14, 473, 467, 148, 5.16%, 0, 0, 2, 534.68, 121691, 3384, 0, 0
287, 0, 14, 475, 469, 148, 5.16%, 0, 0, 2, 549.09, 124485, 3384, 0, 0
292, 0, 14, 477, 471, 148, 5.16%, 0, 0, 2, 555.94, 127324, 3384, 0, 0
297, 0, 14, 479, 473, 148, 5.16%, 0, 0, 2, 554.53, 130110, 3384, 0, 0
302, 0, 14, 480, 474, 148, 5.17%, 0, 0, 2, 550.99, 132961, 3390, 0, 0
307, 0, 14, 483, 477, 148, 5.20%, 0, 0, 2, 543.76, 135672, 3410, 0, 0
312, 0, 14, 488, 482, 148, 5.20%, 0, 0, 2, 541.06, 138387, 3410, 0, 0
317, 0, 14, 490, 484, 148, 5.21%, 0, 0, 2, 514.89, 140931, 3416, 0, 0
322, 0, 14, 493, 487, 148, 5.22%, 0, 0, 2, 539.65, 143692, 3424, 0, 0
327, 0, 14, 493, 487, 148, 5.22%, 0, 0, 2, 539.14, 146412, 3424, 0, 0
332, 0, 14, 495, 489, 148, 5.22%, 0, 0, 2, 519.81, 148987, 3424, 0, 0
338, 0, 14, 495, 489, 148, 5.22%, 0, 0, 2, 539.57, 151807, 3424, 0, 0
344, 0, 15, 499, 492, 159, 5.23%, 0, 0, 2, 480.42, 154700, 3426, 0, 0
349, 0, 16, 519, 510, 158, 5.24%, 0, 0, 2, 467.18, 157085, 3431, 0, 0
354, 0, 16, 522, 513, 158, 5.24%, 0, 0, 2, 446.97, 159311, 3431, 0, 0
359, 0, 16, 523, 514, 158, 5.24%, 0, 0, 2, 439.96, 161528, 3431, 0, 0
364, 0, 16, 529, 520, 158, 5.24%, 0, 0, 2, 448.42, 163866, 3436, 0, 0
369, 0, 16, 533, 524, 158, 5.25%, 0, 0, 2, 440.86, 166118, 3443, 0, 0
374, 0, 19, 551, 540, 157, 5.26%, 0, 0, 2, 429.47, 168327, 3448, 0, 0
380, 0, 22, 563, 550, 156, 5.26%, 0, 0, 2, 485.55, 170328, 3448, 0, 0
385, 0, 22, 572, 559, 156, 5.27%, 0, 0, 2, 393.10, 172222, 3451, 0, 0
390, 0, 22, 579, 566, 156, 5.27%, 0, 0, 2, 354.18, 174001, 3451, 0, 0
395, 0, 22, 583, 570, 156, 5.27%, 0, 0, 2, 347.08, 175733, 3451, 0, 0
400, 0, 22, 585, 572, 156, 5.27%, 0, 0, 2, 326.29, 177374, 3451, 0, 0
405, 0, 22, 587, 574, 156, 5.27%, 0, 0, 2, 352.58, 179162, 3451, 0, 0
410, 0, 22, 590, 577, 156, 5.27%, 0, 0, 2, 338.62, 180829, 3451, 0, 0
415, 0, 22, 591, 578, 156, 5.27%, 0, 0, 2, 326.48, 182469, 3451, 0, 0
420, 0, 22, 591, 578, 156, 5.27%, 0, 0, 2, 317.81, 184024, 3451, 0, 0
425, 0, 22, 592, 579, 156, 5.27%, 0, 0, 2, 369.76, 186010, 3451, 0, 0
430, 0, 22, 596, 583, 156, 5.27%, 0, 0, 2, 382.18, 187963, 3451, 0, 0
436, 0, 22, 596, 583, 156, 5.27%, 0, 0, 2, 381.09, 189881, 3451, 0, 0
441, 0, 22, 597, 584, 156, 5.28%, 0, 0, 2, 379.70, 191785, 3461, 0, 0
446, 0, 22, 598, 585, 156, 5.28%, 0, 0, 2, 374.60, 193654, 3461, 0, 0
451, 0, 22, 599, 586, 156, 5.28%, 0, 0, 2, 373.37, 195524, 3461, 0, 0
456, 0, 22, 600, 587, 156, 5.28%, 0, 0, 2, 383.93, 197477, 3462, 0, 0
461, 0, 22, 602, 589, 156, 5.28%, 0, 0, 2, 387.91, 199430, 3462, 0, 0
466, 0, 22, 603, 590, 156, 5.28%, 0, 0, 2, 388.58, 201383, 3462, 0, 0
471, 0, 22, 604, 591, 156, 5.28%, 0, 0, 2, 383.89, 203280, 3462, 0, 0
476, 0, 22, 604, 591, 156, 5.28%, 0, 0, 2, 381.02, 205261, 3462, 0, 0
481, 0, 22, 605, 592, 156, 5.28%, 0, 0, 2, 381.39, 207235, 3462, 0, 0
486, 0, 22, 606, 593, 156, 5.28%, 0, 0, 2, 386.43, 209174, 3462, 0, 0
491, 0, 26, 612, 598, 157, 5.29%, 0, 0, 2, 490.03, 211074, 3469, 0, 0
496, 0, 26, 624, 610, 157, 5.29%, 0, 0, 2, 412.54, 213015, 3470, 0, 0
501, 0, 26, 629, 615, 157, 5.31%, 0, 0, 2, 393.79, 215024, 3483, 0, 0
506, 0, 26, 630, 616, 157, 5.31%, 0, 0, 2, 391.30, 216956, 3483, 0, 0
512, 0, 26, 631, 617, 157, 5.31%, 0, 0, 2, 397.68, 219021, 3483, 0, 0
517, 0, 26, 631, 617, 157, 5.31%, 0, 0, 2, 392.02, 221037, 3483, 0, 0
522, 0, 40, 634, 618, 161, 5.32%, 0, 0, 2, 388.69, 223146, 3487, 0, 0
527, 0, 40, 649, 633, 161, 5.32%, 0, 0, 2, 397.82, 225120, 3488, 0, 0
532, 0, 40, 654, 638, 161, 5.32%, 0, 0, 2, 416.29, 227246, 3488, 0, 0
537, 0, 40, 654, 638, 161, 5.32%, 0, 0, 2, 418.85, 229350, 3488, 0, 0
542, 0, 40, 656, 640, 161, 5.35%, 0, 0, 2, 425.67, 231572, 3504, 0, 0
547, 0, 40, 656, 640, 161, 5.35%, 0, 0, 2, 416.42, 233644, 3504, 0, 0
552, 0, 43, 657, 640, 162, 5.35%, 0, 0, 2, 438.23, 235971, 3504, 0, 0
557, 0, 43, 659, 642, 162, 5.35%, 0, 0, 2, 435.98, 238142, 3504, 0, 0
563, 0, 43, 662, 645, 162, 5.35%, 0, 0, 2, 419.80, 240227, 3505, 0, 0
568, 0, 43, 664, 647, 162, 5.35%, 0, 0, 2, 418.72, 242385, 3505, 0, 0
573, 0, 43, 664, 647, 162, 5.35%, 0, 0, 2, 422.14, 244561, 3505, 0, 0
578, 0, 43, 666, 649, 162, 5.35%, 0, 0, 2, 419.91, 246735, 3505, 0, 0
583, 0, 43, 666, 649, 162, 5.35%, 0, 0, 2, 423.07, 248935, 3505, 0, 0
588, 0, 43, 667, 650, 162, 5.35%, 0, 0, 2, 422.89, 251134, 3505, 0, 0
594, 0, 43, 667, 650, 162, 5.35%, 0, 0, 2, 421.76, 253302, 3505, 0, 0
599, 0, 43, 667, 650, 162, 5.35%, 0, 0, 2, 417.16, 255359, 3505, 0, 0
604, 0, 43, 667, 650, 162, 5.35%, 0, 0, 2, 421.77, 257559, 3505, 0, 0
609, 0, 43, 667, 650, 162, 5.35%, 0, 0, 2, 420.63, 259736, 3505, 0, 0
614, 0, 43, 667, 650, 162, 5.35%, 0, 0, 2, 392.48, 261728, 3505, 0, 0
619, 0, 43, 668, 651, 162, 5.35%, 0, 0, 2, 413.69, 263904, 3505, 0, 0
624, 0, 43, 668, 651, 162, 5.35%, 0, 0, 2, 412.89, 265992, 3505, 0, 0
629, 0, 43, 668, 651, 162, 5.35%, 0, 0, 2, 418.27, 268168, 3505, 0, 0
635, 0, 43, 668, 651, 162, 5.35%, 0, 0, 2, 419.54, 270336, 3505, 0, 0
640, 0, 43, 668, 651, 162, 5.35%, 0, 0, 2, 421.99, 272536, 3505, 0, 0
645, 0, 43, 668, 651, 162, 5.35%, 0, 0, 2, 422.93, 274736, 3505, 0, 0
650, 0, 45, 674, 656, 162, 5.35%, 0, 0, 2, 500.11, 277302, 3508, 0, 0
655, 0, 63, 687, 666, 158, 5.35%, 0, 0, 2, 527.40, 280134, 3508, 0, 0
661, 0, 63, 703, 682, 158, 5.36%, 0, 0, 2, 492.27, 282538, 3515, 0, 0
666, 0, 64, 714, 692, 161, 5.37%, 0, 0, 2, 364.23, 284300, 3520, 0, 0
671, 0, 64, 747, 725, 161, 5.37%, 0, 0, 2, 328.43, 285900, 3520, 0, 0
676, 0, 64, 752, 730, 161, 5.37%, 0, 0, 2, 328.21, 287539, 3520, 0, 0
681, 0, 64, 755, 733, 161, 5.37%, 0, 0, 2, 311.71, 289085, 3520, 0, 0
686, 0, 64, 758, 736, 161, 5.37%, 0, 0, 2, 295.89, 290564, 3521, 0, 0
691, 0, 64, 759, 737, 161, 5.37%, 0, 0, 2, 304.92, 292185, 3521, 0, 0
696, 0, 64, 760, 738, 161, 5.37%, 0, 0, 2, 314.38, 293788, 3522, 0, 0
701, 0, 65, 761, 738, 165, 5.38%, 0, 0, 2, 312.22, 295420, 3523, 0, 0
706, 0, 65, 790, 767, 165, 5.38%, 0, 0, 2, 336.27, 297142, 3528, 0, 0
711, 0, 65, 790, 767, 165, 5.38%, 0, 0, 2, 341.37, 298870, 3528, 0, 0
717, 0, 65, 791, 768, 165, 5.38%, 0, 0, 2, 327.18, 300575, 3528, 0, 0
722, 0, 65, 793, 770, 165, 5.38%, 0, 0, 2, 338.89, 302293, 3528, 0, 0
727, 0, 65, 793, 770, 165, 5.38%, 0, 0, 2, 339.61, 304021, 3528, 0, 0
732, 0, 66, 794, 770, 171, 5.39%, 0, 0, 2, 346.11, 305822, 3530, 0, 0
737, 0, 67, 812, 787, 174, 5.39%, 0, 0, 2, 337.68, 307574, 3532, 0, 0
742, 0, 67, 826, 801, 174, 5.39%, 0, 0, 2, 315.70, 309053, 3533, 0, 0
747, 0, 67, 834, 809, 174, 5.39%, 0, 0, 2, 314.21, 310627, 3533, 0, 0
752, 0, 67, 835, 810, 174, 5.40%, 0, 0, 2, 313.20, 312188, 3536, 0, 0
757, 0, 67, 836, 811, 174, 5.40%, 0, 0, 2, 319.87, 313797, 3537, 0, 0
762, 0, 67, 837, 812, 174, 5.40%, 0, 0, 2, 321.37, 315478, 3537, 0, 0
767, 0, 68, 854, 828, 177, 5.41%, 0, 0, 2, 437.92, 317822, 3543, 0, 0
772, 0, 68, 857, 831, 177, 5.42%, 0, 0, 2, 526.01, 320603, 3551, 0, 0
777, 0, 68, 860, 834, 177, 5.42%, 0, 0, 2, 536.52, 323324, 3551, 0, 0
782, 0, 68, 860, 834, 177, 5.42%, 0, 0, 2, 552.41, 326115, 3551, 0, 0
788, 0, 68, 861, 835, 177, 5.42%, 0, 0, 2, 545.99, 328841, 3551, 0, 0
793, 0, 68, 863, 837, 177, 5.43%, 0, 0, 2, 547.71, 331575, 3561, 0, 0
798, 0, 68, 867, 841, 177, 5.50%, 0, 0, 2, 546.26, 334323, 3602, 0, 0
803, 0, 68, 868, 842, 177, 5.50%, 0, 0, 2, 553.57, 337116, 3604, 0, 0
808, 0, 68, 870, 844, 177, 5.50%, 0, 0, 2, 541.15, 339804, 3604, 0, 0
813, 0, 68, 873, 847, 177, 5.51%, 0, 0, 2, 536.24, 342576, 3612, 0, 0
818, 0, 68, 874, 848, 177, 5.51%, 0, 0, 2, 547.05, 345333, 3612, 0, 0
823, 0, 68, 874, 848, 177, 5.51%, 0, 0, 2, 553.18, 348126, 3612, 0, 0
828, 0, 68, 875, 849, 177, 5.51%, 0, 0, 2, 546.48, 350880, 3612, 0, 0
833, 0, 68, 876, 850, 177, 5.51%, 0, 0, 2, 534.44, 353578, 3612, 0, 0
838, 0, 80, 876, 846, 177, 5.51%, 0, 0, 2, 523.13, 356230, 3612, 0, 0
843, 0, 778, 876, 845, 176, 5.51%, 0, 0, 2, 410.47, 358014, 3612, 0, 0
849, 0, 596, 877, 844, 174, 5.51%, 0, 0, 3, 139.24, 359742, 3612, 0, 0
854, 0, 138, 877, 840, 170, 5.51%, 0, 0, 3, 283.60, 361413, 3612, 0, 0
859, 0, 175, 877, 836, 166, 5.51%, 0, 0, 3, 266.89, 362855, 3612, 0, 0
864, 0, 184, 878, 836, 166, 5.51%, 0, 0, 3, 259.00, 364270, 3612, 0, 0
869, 0, 184, 878, 836, 166, 5.51%, 0, 0, 3, 220.78, 365340, 3612, 0, 0
874, 0, 184, 878, 836, 166, 5.51%, 0, 0, 3, 210.74, 366562, 3612, 0, 0
879, 0, 184, 878, 836, 166, 5.51%, 0, 0, 3, 208.07, 367602, 3612, 0, 0
884, 0, 184, 878, 836, 166, 5.51%, 0, 0, 3, 206.48, 368618, 3612, 0, 0
889, 0, 463, 879, 835, 164, 5.51%, 0, 0, 3, 307.70, 370614, 3612, 0, 0
894, 0, 463, 884, 840, 164, 5.52%, 0, 0, 3, 495.16, 373430, 3615, 0, 0
899, 0, 196, 884, 838, 164, 5.52%, 0, 0, 3, 318.81, 375032, 3615, 0, 0
904, 0, 200, 888, 840, 162, 5.52%, 0, 0, 3, 289.10, 376420, 3615, 0, 0
910, 0, 200, 888, 840, 162, 5.52%, 0, 0, 3, 258.74, 377720, 3615, 0, 0
915, 0, 209, 891, 842, 162, 5.52%, 0, 0, 3, 302.87, 379744, 3615, 0, 0
920, 0, 850, 892, 840, 160, 5.52%, 0, 0, 3, 421.80, 382441, 3615, 0, 0
925, 0, 233, 904, 850, 158, 5.52%, 0, 0, 3, 486.89, 385045, 3615, 0, 0
931, 0, 527, 906, 849, 156, 5.52%, 0, 0, 3, 504.74, 388010, 3615, 0, 0
936, 0, 262, 910, 846, 150, 5.52%, 0, 0, 3, 529.26, 390804, 3616, 0, 0
941, 0, 290, 931, 863, 149, 5.53%, 0, 0, 3, 552.62, 393624, 3624, 0, 0
946, 0, 290, 936, 868, 149, 5.53%, 0, 0, 3, 590.29, 396726, 3627, 0, 0
951, 0, 290, 943, 875, 149, 5.54%, 0, 0, 3, 583.57, 399646, 3628, 0, 0
956, 0, 290, 943, 875, 149, 5.54%, 0, 0, 3, 586.87, 402572, 3628, 0, 0
961, 0, 290, 944, 876, 149, 5.54%, 0, 0, 3, 585.25, 405505, 3628, 0, 0
966, 0, 290, 946, 878, 149, 5.54%, 0, 0, 3, 577.86, 408412, 3628, 0, 0
972, 0, 290, 947, 879, 149, 5.54%, 0, 0, 3, 504.35, 410777, 3628, 0, 0
977, 0, 290, 950, 882, 149, 5.54%, 0, 0, 3, 525.48, 413559, 3628, 0, 0
982, 0, 290, 950, 882, 149, 5.54%, 0, 0, 3, 513.72, 416089, 3628, 0, 0
987, 0, 290, 950, 882, 149, 5.54%, 0, 0, 3, 478.75, 418478, 3628, 0, 0
992, 0, 290, 950, 882, 149, 5.54%, 0, 0, 3, 533.14, 421229, 3628, 0, 0
997, 0, 290, 950, 882, 149, 5.54%, 0, 0, 3, 494.09, 423672, 3628, 0, 0
1002, 0, 290, 950, 882, 149, 5.54%, 0, 0, 3, 555.21, 426571, 3628, 0, 0
1007, 0, 290, 950, 882, 149, 5.54%, 0, 0, 3, 582.55, 429607, 3628, 0, 0
1012, 0, 290, 951, 883, 149, 5.54%, 0, 0, 3, 534.87, 432238, 3628, 0, 0
1018, 0, 290, 951, 883, 149, 5.54%, 0, 0, 3, 497.17, 434838, 3628, 0, 0
1023, 0, 290, 951, 883, 149, 5.54%, 0, 0, 3, 563.29, 437744, 3628, 0, 0
1028, 0, 290, 952, 884, 149, 5.54%, 0, 0, 3, 581.65, 440677, 3629, 0, 0
1033, 0, 292, 952, 883, 152, 5.54%, 0, 0, 3, 593.77, 443997, 3629, 0, 0
1038, 0, 423, 954, 881, 148, 5.54%, 0, 0, 3, 574.66, 446743, 3629, 0, 0
1044, 0, 568, 954, 878, 145, 5.54%, 0, 0, 3, 495.94, 448992, 3629, 0, 0
1049, 0, 806, 956, 876, 141, 5.54%, 0, 0, 3, 494.26, 451666, 3629, 0, 0
1054, 0, 624, 957, 876, 140, 5.54%, 0, 0, 3, 482.81, 453337, 3629, 0, 0
1059, 0, 300, 957, 875, 139, 5.54%, 0, 0, 3, 466.72, 455662, 3629, 0, 0
1064, 0, 455, 961, 875, 136, 5.54%, 0, 0, 3, 502.20, 458388, 3629, 0, 0
1070, 0, 862, 962, 866, 128, 5.54%, 0, 0, 3, 522.86, 461283, 3629, 0, 0
1075, 0, 338, 966, 864, 126, 5.54%, 0, 0, 3, 522.44, 463881, 3631, 0, 0
1080, 0, 852, 974, 870, 124, 5.54%, 0, 0, 3, 537.07, 466720, 3631, 0, 0
1085, 0, 852, 977, 873, 124, 5.54%, 0, 0, 3, 561.88, 469652, 3631, 0, 0
1090, 0, 852, 978, 874, 124, 5.54%, 0, 0, 3, 568.24, 472607, 3631, 0, 0
1096, 0, 852, 983, 879, 124, 5.54%, 0, 0, 3, 571.31, 475579, 3631, 0, 0
1101, 0, 347, 984, 878, 123, 5.54%, 0, 0, 3, 574.27, 478732, 3631, 0, 0
1107, 0, 802, 985, 876, 120, 5.54%, 0, 0, 3, 467.57, 481108, 3631, 0, 0
1112, 0, 437, 988, 866, 110, 5.54%, 0, 0, 4, 450.19, 483595, 3631, 0, 0
1117, 0, 960, 989, 860, 104, 5.54%, 0, 0, 4, 517.50, 485709, 3631, 0, 0
1122, 0, 761, 989, 853, 96, 5.54%, 0, 0, 4, 441.81, 487798, 3631, 0, 0
1128, 0, 431, 992, 851, 92, 5.54%, 0, 0, 4, 500.62, 490793, 3631, 0, 0
1133, 0, 720, 993, 844, 85, 5.54%, 0, 0, 4, 452.66, 492891, 3631, 0, 0
1138, 0, 764, 993, 843, 84, 5.54%, 0, 0, 4, 410.17, 494704, 3631, 0, 0
1143, 0, 842, 994, 834, 76, 5.54%, 0, 0, 4, 480.81, 497159, 3631, 0, 0
1148, 0, 526, 997, 827, 67, 5.54%, 0, 0, 4, 528.27, 499957, 3631, 0, 0
1153, 0, 937, 998, 819, 59, 5.54%, 0, 0, 4, 469.71, 502162, 3631, 0, 0
1158, 0, 711, 1003, 819, 58, 5.55%, 0, 0, 4, 475.42, 504620, 3637, 0, 0
1164, 0, 711, 1003, 819, 58, 5.55%, 0, 0, 4, 338.95, 506362, 3637, 0, 0
1169, 0, 601, 1004, 815, 53, 5.55%, 0, 0, 4, 90.50, 508497, 3637, 0, 0
1174, 0, 627, 1005, 810, 48, 5.55%, 0, 0, 4, 378.05, 510571, 3637, 0, 0
1180, 0, 756, 1005, 807, 45, 5.55%, 0, 0, 4, 369.97, 512324, 3637, 0, 0
1185, 0, 661, 1006, 806, 43, 5.55%, 0, 0, 4, 469.93, 515018, 3637, 0, 0
1190, 0, 700, 1010, 804, 39, 5.56%, 0, 0, 4, 530.52, 517566, 3641, 0, 0
1195, 0, 717, 1010, 800, 35, 5.56%, 0, 0, 4, 393.35, 519579, 3641, 0, 0
1200, 0, 726, 1011, 797, 32, 5.56%, 0, 0, 4, 401.79, 521702, 3641, 0, 0
1205, 0, 834, 1011, 796, 31, 5.56%, 0, 0, 4, 338.97, 523364, 3641, 0, 0
1210, 0, 759, 1011, 794, 29, 5.56%, 0, 0, 4, 323.78, 524993, 3641, 0, 0
1215, 0, 773, 1015, 796, 28, 5.56%, 0, 0, 5, 378.21, 527023, 3641, 0, 0
1220, 0, 877, 1016, 793, 24, 5.56%, 0, 0, 5, 432.68, 529172, 3641, 0, 0
1225, 0, 70, 1016, 789, 20, 5.56%, 0, 0, 5, 426.86, 531652, 3641, 0, 0
1230, 0, 886, 1017, 787, 18, 5.56%, 0, 0, 5, 327.34, 533191, 3641, 0, 0
1235, 0, 646, 1018, 787, 17, 5.56%, 0, 0, 5, 319.51, 534709, 3641, 0, 0
1241, 0, 1013, 1018, 782, 15, 5.56%, 0, 0, 5, 378.65, 536758, 3641, 0, 0
1246, 0, 822, 1022, 781, 11, 5.56%, 0, 0, 5, 381.64, 538845, 3641, 0, 0
1251, 0, 1006, 1023, 781, 11, 5.56%, 0, 0, 5, 336.68, 540339, 3641, 0, 0
1256, 0, 765, 1023, 771, 4, 5.56%, 0, 0, 5, 439.52, 542881, 3641, 0, 0
1261, 0, 992, 1024, 769, 3, 5.56%, 0, 0, 5, 385.40, 544597, 3641, 0, 0
1266, 0, 992, 1031, 776, 3, 5.56%, 0, 0, 5, 364.06, 546396, 3641, 0, 0
1271, 0, 992, 1031, 776, 3, 5.56%, 0, 0, 5, 364.51, 548244, 3641, 0, 0
1276, 0, 992, 1032, 777, 3, 5.56%, 0, 0, 5, 375.57, 550211, 3642, 0, 0
1281, 0, 992, 1032, 777, 3, 5.56%, 0, 0, 5, 378.26, 552164, 3642, 0, 0
1286, 0, 992, 1032, 777, 3, 5.56%, 0, 0, 5, 370.73, 554006, 3642, 0, 0
1291, 0, 992, 1032, 777, 3, 5.56%, 0, 0, 5, 373.20, 555889, 3642, 0, 0
1297, 0, 992, 1033, 778, 3, 5.56%, 0, 0, 5, 370.06, 557787, 3642, 0, 0
1302, 0, 681, 1033, 774, 2, 5.56%, 0, 0, 5, 420.42, 560389, 3642, 0, 0
1307, 0, 824, 1034, 773, 0, 5.56%, 0, 0, 5, 378.08, 562510, 3642, 0, 0
1312, 0, 727, 1034, 772, 0, 5.56%, 0, 0, 5, 322.68, 564066, 3642, 0, 0
1317, 0, 55, 1036, 772, 0, 5.56%, 0, 0, 5, 421.45, 566229, 3642, 0, 0
1322, 0, 730, 1038, 771, 0, 5.56%, 0, 0, 5, 416.58, 568579, 3642, 0, 0
1327, 0, 131, 1038, 769, 0, 5.56%, 0, 0, 5, 300.04, 570041, 3642, 0, 0
1332, 0, 364, 1038, 766, 0, 5.56%, 0, 0, 5, 365.62, 571829, 3642, 0, 0
1338, 0, 64, 1038, 764, 0, 5.56%, 0, 0, 5, 320.89, 573601, 3642, 0, 0
1343, 0, 168, 1038, 756, 0, 5.56%, 0, 0, 5, 436.87, 576081, 3642, 0, 0
1348, 0, 168, 1038, 756, 0, 5.56%, 0, 0, 5, 273.83, 577269, 3642, 0, 0
1353, 0, 534, 1038, 753, 0, 5.56%, 0, 0, 5, 378.28, 579205, 3642, 0, 0
1358, 0, 766, 1038, 751, 0, 5.56%, 0, 0, 5, 310.59, 580880, 3642, 0, 0
1363, 0, 706, 1039, 750, 0, 5.56%, 0, 0, 5, 274.74, 582332, 3642, 0, 0
1369, 0, 361, 1042, 752, 0, 5.56%, 0, 0, 5, 273.64, 583725, 3642, 0, 0
1374, 0, 146, 1042, 752, 0, 5.56%, 0, 0, 5, 231.30, 585204, 3642, 0, 0
1379, 0, 814, 1042, 751, 0, 5.56%, 0, 0, 5, 224.86, 586306, 3642, 0, 0
1384, 0, 814, 1044, 753, 0, 5.56%, 0, 0, 5, 145.38, 587436, 3642, 0, 0
1391, 0, 851, 1045, 752, 0, 5.56%, 0, 0, 5, 19.49, 589279, 3642, 0, 0
1396, 0, 757, 1045, 751, 0, 5.56%, 0, 0, 5, 244.94, 590299, 3642, 0, 0
1403, 0, 779, 1045, 748, 0, 5.56%, 0, 0, 5, 322.69, 592685, 3642, 0, 0
1408, 0, 587, 1045, 747, 0, 5.56%, 0, 0, 5, 142.54, 593205, 3642, 0, 0
1413, 0, 129, 1045, 745, 0, 5.56%, 0, 0, 5, 201.64, 594290, 3642, 0, 0
1653, 0, 129, 1045, 745, 0, 5.56%, 0, 0, 5, 0.01, 594786, 3642, 0, 0
1660, 0, 446, 1046, 745, 0, 5.56%, 0, 0, 5, 289.51, 597626, 3642, 0, 0
1665, 0, 982, 1046, 743, 0, 5.56%, 0, 0, 5, 411.40, 600348, 3642, 0, 0
1670, 0, 109, 1046, 742, 0, 5.56%, 0, 0, 5, 306.95, 602097, 3642, 0, 0
1677, 0, 109, 1046, 742, 0, 5.56%, 0, 0, 5, 118.16, 603508, 3642, 0, 0
1682, 0, 56, 1047, 740, 0, 5.56%, 0, 0, 5, 259.61, 605587, 3642, 0, 0
1687, 0, 1048, 1055, 747, 1, 5.56%, 0, 0, 5, 271.78, 607097, 3643, 0, 0
1692, 0, 885, 1057, 747, 0, 5.56%, 0, 0, 5, 260.87, 608548, 3643, 0, 0
1697, 0, 885, 1057, 747, 0, 5.56%, 0, 0, 5, 181.27, 609353, 3643, 0, 0
1703, 0, 943, 1057, 746, 0, 5.56%, 0, 0, 5, 210.64, 610836, 3643, 0, 0
1708, 0, 1058, 1059, 746, 1, 5.56%, 0, 0, 5, 317.69, 613129, 3643, 0, 0
1713, 0, 796, 1059, 745, 0, 5.56%, 0, 0, 5, 305.41, 614489, 3643, 0, 0
1718, 0, 796, 1064, 750, 0, 5.56%, 0, 0, 5, 218.99, 615384, 3643, 0, 0
1723, 0, 796, 1067, 753, 0, 5.56%, 0, 0, 5, 226.04, 616493, 3643, 0, 0
1728, 0, 796, 1069, 755, 0, 5.56%, 0, 0, 5, 307.01, 618201, 3646, 0, 0
1733, 0, 796, 1070, 756, 0, 5.56%, 0, 0, 5, 332.73, 619906, 3646, 0, 0
1738, 0, 796, 1070, 756, 0, 5.56%, 0, 0, 5, 341.72, 621622, 3646, 0, 0
1744, 0, 796, 1070, 756, 0, 5.56%, 0, 0, 5, 342.44, 623398, 3646, 0, 0
1749, 0, 1067, 1070, 755, 1, 5.56%, 0, 0, 5, 336.13, 625102, 3646, 0, 0
1754, 0, 1072, 1075, 759, 2, 5.57%, 0, 0, 5, 342.01, 626878, 3648, 0, 0
1759, 0, 1073, 1079, 762, 2, 5.57%, 0, 0, 5, 360.17, 628740, 3648, 0, 0
1764, 0, 823, 1080, 760, 1, 5.57%, 0, 0, 6, 348.11, 630496, 3648, 0, 0
1769, 0, 141, 1080, 759, 1, 5.57%, 0, 0, 6, 261.95, 631764, 3648, 0, 0
1775, 0, 141, 1080, 759, 1, 5.57%, 0, 0, 6, 233.91, 633207, 3648, 0, 0
1780, 0, 116, 1080, 757, 1, 5.57%, 0, 0, 6, 230.34, 634450, 3648, 0, 0
1785, 0, 87, 1080, 755, 1, 5.57%, 0, 0, 6, 358.62, 636136, 3648, 0, 0
1790, 0, 119, 1080, 754, 1, 5.57%, 0, 0, 6, 277.77, 637611, 3648, 0, 0
1795, 0, 119, 1080, 754, 1, 5.57%, 0, 0, 6, 237.07, 638880, 3648, 0, 0
1800, 0, 737, 1080, 752, 0, 5.57%, 0, 0, 6, 295.71, 640559, 3648, 0, 0
1804, 0, 613, 1082, 751, 0, 5.57%, 0, 0, 6, 429.63, 642177, 3648, 0, 0
