# relative_time, cycles_done, cur_item, corpus_count, pending_total, pending_favs, map_size, saved_crashes, saved_hangs, max_depth, execs_per_sec, total_execs, edges_found, total_crashes, servers_count
61, 0, 0, 193, 193, 43, 25.72%, 0, 0, 2, 190.19, 12705, 2643, 0, 0
66, 0, 0, 195, 195, 43, 25.76%, 0, 0, 2, 183.81, 13630, 2647, 0, 0
71, 0, 0, 198, 198, 43, 26.00%, 0, 0, 2, 185.30, 14552, 2672, 0, 0
76, 0, 0, 203, 203, 43, 26.04%, 0, 0, 2, 189.29, 15538, 2676, 0, 0
82, 0, 4, 203, 202, 81, 26.04%, 0, 0, 2, 238.60, 16860, 2676, 0, 0
87, 0, 4, 245, 244, 81, 26.26%, 0, 0, 2, 260.84, 18218, 2698, 0, 0
92, 0, 4, 250, 249, 81, 26.30%, 0, 0, 2, 259.82, 19554, 2703, 0, 0
97, 0, 4, 258, 257, 81, 26.41%, 0, 0, 2, 282.36, 21035, 2714, 0, 0
102, 0, 4, 261, 260, 81, 26.41%, 0, 0, 2, 288.02, 22541, 2714, 0, 0
107, 0, 4, 262, 261, 81, 26.41%, 0, 0, 2, 263.14, 23849, 2714, 0, 0
112, 0, 4, 266, 265, 81, 26.46%, 0, 0, 2, 269.26, 25207, 2719, 0, 0
117, 0, 4, 267, 266, 81, 26.46%, 0, 0, 2, 268.55, 26604, 2719, 0, 0
123, 0, 4, 270, 269, 81, 26.48%, 0, 0, 2, 254.30, 27911, 2721, 0, 0
128, 0, 4, 272, 271, 81, 26.55%, 0, 0, 2, 257.81, 29230, 2728, 0, 0
133, 0, 4, 274, 273, 81, 26.58%, 0, 0, 2, 265.50, 30589, 2731, 0, 0
138, 0, 5, 286, 284, 90, 26.68%, 0, 0, 2, 288.78, 32093, 2742, 0, 0
143, 0, 7, 304, 301, 91, 26.70%, 0, 0, 2, 300.54, 33664, 2744, 0, 0
148, 0, 7, 320, 317, 91, 27.05%, 1, 0, 2, 285.22, 35142, 2780, 1, 0
153, 0, 7, 324, 321, 91, 27.21%, 2, 0, 2, 285.67, 36550, 2796, 2, 0
158, 0, 7, 327, 324, 91, 27.27%, 2, 0, 2, 303.77, 38112, 2802, 2, 0
163, 0, 7, 332, 329, 91, 27.29%, 3, 0, 2, 325.39, 39767, 2804, 3, 0
168, 0, 7, 338, 335, 91, 27.36%, 3, 0, 2, 325.54, 41417, 2811, 3, 0
173, 0, 7, 345, 342, 91, 27.39%, 3, 0, 2, 334.93, 43152, 2815, 3, 0
179, 0, 7, 349, 346, 91, 27.52%, 3, 0, 2, 327.40, 44860, 2828, 3, 0
184, 0, 8, 360, 356, 116, 27.54%, 4, 0, 2, 336.35, 46626, 2830, 4, 0
189, 0, 11, 364, 359, 116, 27.54%, 4, 0, 2, 326.49, 48283, 2830, 4, 0
194, 0, 14, 374, 368, 117, 27.76%, 4, 0, 2, 312.05, 49841, 2853, 4, 0
199, 0, 14, 385, 379, 117, 27.95%, 4, 0, 2, 340.06, 51623, 2872, 4, 0
204, 0, 14, 393, 387, 117, 28.07%, 4, 0, 2, 334.49, 53335, 2884, 4, 0
209, 0, 14, 401, 395, 117, 28.20%, 5, 0, 2, 322.01, 55024, 2898, 5, 0
215, 0, 14, 407, 401, 117, 28.24%, 5, 0, 2, 332.06, 56740, 2902, 5, 0
220, 0, 14, 410, 404, 117, 28.27%, 7, 0, 2, 347.90, 58555, 2905, 7, 0
225, 0, 14, 414, 408, 117, 28.31%, 7, 0, 2, 348.37, 60329, 2909, 7, 0
230, 0, 14, 415, 409, 117, 28.31%, 7, 0, 2, 348.22, 62076, 2909, 8, 0
235, 0, 14, 417, 411, 117, 28.33%, 7, 0, 2, 49.50, 63807, 2911, 8, 0
240, 0, 14, 417, 411, 117, 28.33%, 7, 0, 2, 260.80, 65277, 2911, 8, 0
245, 0, 14, 420, 414, 117, 28.46%, 7, 0, 2, 330.32, 67057, 2925, 8, 0
250, 0, 14, 422, 416, 117, 28.47%, 7, 0, 2, 350.25, 68877, 2926, 8, 0
256, 0, 14, 424, 418, 117, 28.48%, 7, 0, 2, 346.53, 70649, 2927, 8, 0
261, 0, 14, 426, 420, 117, 28.48%, 8, 0, 2, 329.71, 72259, 2927, 11, 0
266, 0, 14, 428, 422, 117, 28.55%, 8, 0, 2, 352.07, 74117, 2934, 11, 0
271, 0, 14, 430, 424, 117, 28.57%, 10, 0, 2, 355.76, 75923, 2936, 13, 0
276, 0, 14, 433, 427, 117, 28.58%, 10, 0, 2, 352.17, 77653, 2937, 13, 0
281, 0, 14, 433, 427, 117, 28.58%, 11, 0, 2, 351.48, 79445, 2937, 15, 0
286, 0, 14, 434, 428, 117, 28.58%, 11, 0, 2, 359.30, 81293, 2937, 16, 0
291, 0, 14, 435, 429, 117, 28.58%, 11, 0, 2, 332.36, 83039, 2937, 16, 0
297, 0, 14, 437, 431, 117, 28.58%, 11, 0, 2, 350.57, 84891, 2937, 16, 0
302, 0, 14, 438, 432, 117, 28.71%, 11, 0, 2, 348.57, 86672, 2950, 16, 0
307, 0, 14, 440, 434, 117, 28.71%, 11, 0, 2, 349.11, 88433, 2950, 16, 0
312, 0, 14, 440, 434, 117, 28.71%, 12, 0, 2, 352.42, 90232, 2950, 17, 0
317, 0, 14, 443, 437, 117, 28.80%, 13, 0, 2, 350.06, 91981, 2960, 18, 0
322, 0, 14, 444, 438, 117, 28.81%, 14, 0, 2, 352.52, 93760, 2961, 19, 0
327, 0, 14, 445, 439, 117, 28.82%, 14, 0, 2, 358.15, 95601, 2962, 19, 0
332, 0, 14, 445, 439, 117, 28.82%, 14, 0, 2, 354.55, 97428, 2962, 20, 0
337, 0, 14, 446, 440, 117, 28.82%, 14, 0, 2, 354.50, 99199, 2962, 20, 0
342, 0, 14, 447, 441, 117, 28.82%, 14, 0, 2, 347.16, 100955, 2962, 21, 0
347, 0, 14, 447, 441, 117, 28.82%, 14, 0, 2, 351.16, 102748, 2962, 21, 0
352, 0, 16, 463, 455, 152, 28.91%, 14, 0, 2, 345.98, 104527, 2971, 21, 0
357, 0, 16, 476, 468, 152, 28.91%, 16, 0, 2, 357.80, 106317, 2971, 23, 0
363, 0, 17, 483, 474, 155, 28.92%, 16, 0, 2, 333.66, 107990, 2972, 23, 0
368, 0, 17, 493, 484, 155, 29.06%, 16, 0, 2, 326.98, 109614, 2986, 23, 0
373, 0, 17, 495, 486, 155, 29.08%, 16, 0, 2, 334.16, 111320, 2988, 24, 0
378, 0, 17, 500, 491, 155, 29.14%, 16, 0, 2, 327.39, 113011, 2994, 24, 0
383, 0, 17, 502, 493, 155, 29.14%, 16, 0, 2, 273.43, 114368, 2994, 25, 0
388, 0, 17, 504, 495, 155, 29.15%, 16, 0, 2, 311.82, 116003, 2995, 25, 0
393, 0, 17, 506, 497, 155, 29.17%, 16, 0, 2, 317.63, 117655, 2997, 25, 0
398, 0, 17, 508, 499, 155, 29.17%, 16, 0, 2, 332.58, 119373, 2997, 25, 0
403, 0, 18, 511, 501, 165, 29.17%, 16, 0, 2, 337.66, 121074, 2998, 25, 0
409, 0, 21, 526, 515, 166, 29.19%, 16, 0, 2, 338.87, 122953, 3000, 25, 0
414, 0, 21, 540, 529, 166, 29.19%, 16, 0, 2, 336.23, 124636, 3000, 25, 0
419, 0, 21, 541, 530, 166, 29.19%, 16, 0, 2, 341.91, 126353, 3000, 25, 0
424, 0, 21, 543, 532, 166, 29.19%, 17, 0, 2, 338.28, 128077, 3000, 26, 0
429, 0, 21, 547, 536, 166, 29.19%, 17, 0, 2, 325.25, 129695, 3000, 26, 0
434, 0, 21, 549, 538, 166, 29.19%, 18, 0, 2, 337.79, 131401, 3000, 28, 0
439, 0, 21, 552, 541, 166, 29.19%, 18, 0, 2, 336.84, 133090, 3000, 29, 0
444, 0, 21, 554, 543, 166, 29.21%, 18, 0, 2, 329.92, 134754, 3002, 31, 0
449, 0, 22, 555, 543, 165, 29.22%, 20, 0, 2, 331.61, 136433, 3003, 42, 0
454, 0, 22, 570, 558, 165, 29.23%, 34, 0, 2, 318.21, 137983, 3004, 109, 0
459, 0, 22, 576, 564, 165, 29.25%, 35, 0, 2, 322.18, 139627, 3006, 165, 0
464, 0, 22, 579, 567, 165, 29.26%, 40, 0, 2, 320.56, 141274, 3007, 253, 0
469, 0, 22, 582, 570, 165, 29.27%, 41, 0, 2, 309.93, 142849, 3008, 328, 0
474, 0, 22, 585, 573, 165, 29.28%, 44, 0, 2, 317.57, 144450, 3009, 401, 0
480, 0, 22, 585, 573, 165, 29.28%, 47, 0, 2, 304.31, 146032, 3009, 482, 0
485, 0, 22, 586, 574, 165, 29.28%, 51, 0, 2, 315.97, 147677, 3009, 560, 0
490, 0, 22, 587, 575, 165, 29.28%, 52, 0, 2, 313.94, 149250, 3009, 628, 0
495, 0, 26, 594, 581, 164, 29.31%, 54, 0, 2, 292.45, 150775, 3012, 732, 0
501, 0, 33, 597, 582, 165, 29.33%, 56, 0, 2, 307.30, 152839, 3014, 879, 0
506, 0, 38, 613, 597, 164, 29.36%, 57, 0, 2, 342.13, 154647, 3017, 880, 0
512, 0, 39, 620, 603, 165, 29.38%, 57, 0, 2, 343.09, 156441, 3019, 880, 0
517, 0, 40, 624, 606, 167, 29.42%, 57, 0, 2, 334.93, 158131, 3023, 880, 0
522, 0, 40, 644, 626, 167, 29.43%, 57, 0, 2, 337.32, 159883, 3024, 882, 0
527, 0, 40, 652, 634, 167, 29.45%, 57, 0, 2, 332.41, 161547, 3026, 882, 0
532, 0, 40, 653, 635, 167, 29.46%, 57, 0, 2, 339.83, 163276, 3027, 882, 0
537, 0, 40, 655, 637, 167, 29.46%, 57, 0, 2, 341.63, 165006, 3027, 882, 0
542, 0, 40, 657, 639, 167, 29.46%, 57, 0, 2, 336.69, 166712, 3027, 883, 0
547, 0, 40, 658, 640, 167, 29.46%, 57, 0, 2, 303.65, 168231, 3027, 884, 0
552, 0, 40, 659, 641, 167, 29.47%, 57, 0, 2, 320.68, 169870, 3028, 884, 0
557, 0, 40, 659, 641, 167, 29.47%, 57, 0, 2, 318.33, 171448, 3028, 884, 0
563, 0, 43, 662, 642, 171, 29.48%, 57, 0, 2, 319.45, 173086, 3029, 884, 0
568, 0, 43, 663, 643, 171, 29.48%, 57, 0, 2, 306.59, 174629, 3029, 884, 0
573, 0, 43, 663, 643, 171, 29.48%, 57, 0, 2, 301.98, 176182, 3029, 884, 0
578, 0, 43, 669, 649, 171, 29.48%, 57, 0, 2, 299.17, 177712, 3029, 884, 0
583, 0, 43, 670, 650, 171, 29.48%, 57, 0, 2, 283.52, 179105, 3029, 884, 0
588, 0, 43, 673, 653, 171, 29.48%, 57, 0, 2, 295.98, 180596, 3029, 884, 0
593, 0, 43, 674, 654, 171, 29.48%, 57, 0, 2, 310.52, 182157, 3029, 884, 0
598, 0, 43, 674, 654, 171, 29.48%, 57, 0, 2, 279.11, 183574, 3029, 884, 0
603, 0, 43, 675, 655, 171, 29.48%, 57, 0, 2, 262.52, 184927, 3029, 884, 0
608, 0, 43, 675, 655, 171, 29.48%, 57, 0, 2, 304.96, 186552, 3029, 884, 0
614, 0, 43, 677, 657, 171, 29.50%, 57, 0, 2, 315.74, 188204, 3031, 884, 0
619, 0, 43, 677, 657, 171, 29.50%, 57, 0, 2, 311.89, 189770, 3031, 884, 0
624, 0, 43, 678, 658, 171, 29.50%, 57, 0, 2, 308.30, 191367, 3031, 885, 0
629, 0, 43, 679, 659, 171, 29.50%, 57, 0, 2, 314.66, 192952, 3031, 885, 0
634, 0, 43, 680, 660, 171, 29.50%, 58, 0, 2, 309.76, 194549, 3031, 887, 0
639, 0, 43, 680, 660, 171, 29.50%, 58, 0, 2, 316.37, 196193, 3031, 887, 0
644, 0, 43, 681, 661, 171, 29.51%, 58, 0, 2, 317.29, 197838, 3032, 889, 0
649, 0, 43, 681, 661, 171, 29.51%, 58, 0, 2, 315.00, 199398, 3032, 889, 0
654, 0, 43, 681, 661, 171, 29.51%, 58, 0, 2, 312.34, 200964, 3032, 889, 0
660, 0, 43, 682, 662, 171, 29.51%, 58, 0, 2, 315.52, 202603, 3032, 890, 0
665, 0, 43, 682, 662, 171, 29.51%, 58, 0, 2, 314.15, 204211, 3032, 890, 0
670, 0, 43, 683, 663, 171, 29.51%, 58, 0, 2, 314.55, 205844, 3032, 890, 0
675, 0, 43, 685, 665, 171, 29.53%, 58, 0, 2, 317.98, 207484, 3034, 890, 0
680, 0, 43, 685, 665, 171, 29.53%, 58, 0, 2, 313.80, 209086, 3034, 891, 0
685, 0, 43, 686, 666, 171, 29.53%, 58, 0, 2, 315.98, 210659, 3035, 891, 0
690, 0, 43, 686, 666, 171, 29.53%, 58, 0, 2, 315.75, 212286, 3035, 891, 0
696, 0, 43, 687, 667, 171, 29.53%, 58, 0, 2, 315.13, 213913, 3035, 892, 0
701, 0, 43, 687, 667, 171, 29.53%, 58, 0, 2, 318.75, 215563, 3035, 892, 0
706, 0, 43, 689, 669, 171, 29.53%, 58, 0, 2, 318.33, 217203, 3035, 892, 0
711, 0, 43, 689, 669, 171, 29.53%, 58, 0, 2, 312.47, 218805, 3035, 892, 0
716, 0, 43, 689, 669, 171, 29.53%, 58, 0, 2, 317.31, 220455, 3035, 892, 0
722, 0, 43, 689, 669, 171, 29.53%, 59, 0, 2, 319.65, 222099, 3035, 893, 0
727, 0, 43, 690, 670, 171, 29.53%, 59, 0, 2, 312.42, 223702, 3035, 893, 0
732, 0, 43, 691, 671, 171, 29.54%, 59, 0, 2, 311.53, 225257, 3036, 893, 0
737, 0, 43, 691, 671, 171, 29.54%, 59, 0, 2, 317.20, 226907, 3036, 893, 0
742, 0, 63, 697, 675, 173, 29.55%, 59, 0, 2, 330.31, 228605, 3037, 893, 0
747, 0, 63, 720, 698, 173, 29.60%, 60, 0, 2, 338.60, 230381, 3042, 894, 0
752, 0, 63, 721, 699, 173, 29.60%, 60, 0, 2, 341.34, 232104, 3042, 894, 0
757, 0, 63, 722, 700, 173, 29.60%, 60, 0, 2, 334.80, 233791, 3042, 894, 0
762, 0, 63, 723, 701, 173, 29.61%, 60, 0, 2, 340.65, 235520, 3043, 894, 0
767, 0, 63, 724, 702, 173, 29.61%, 60, 0, 2, 333.14, 237219, 3043, 894, 0
772, 0, 63, 724, 702, 173, 29.61%, 60, 0, 2, 339.56, 238947, 3043, 894, 0
778, 0, 63, 724, 702, 173, 29.61%, 60, 0, 2, 341.43, 240675, 3043, 894, 0
783, 0, 64, 724, 701, 175, 29.61%, 60, 0, 2, 337.31, 242363, 3043, 894, 0
788, 0, 64, 739, 716, 175, 29.71%, 60, 0, 2, 313.70, 243964, 3053, 894, 0
793, 0, 64, 761, 738, 175, 29.73%, 60, 0, 2, 309.23, 245534, 3055, 894, 0
798, 0, 64, 767, 744, 175, 29.73%, 60, 0, 2, 308.20, 247088, 3055, 894, 0
803, 0, 64, 768, 745, 175, 29.73%, 60, 0, 2, 308.65, 248631, 3055, 894, 0
808, 0, 64, 772, 749, 175, 29.73%, 60, 0, 2, 312.75, 250219, 3055, 894, 0
813, 0, 64, 772, 749, 175, 29.73%, 60, 0, 2, 308.46, 251785, 3055, 894, 0
818, 0, 64, 772, 749, 175, 29.73%, 61, 0, 2, 310.18, 253345, 3055, 895, 0
823, 0, 64, 772, 749, 175, 29.73%, 61, 0, 2, 307.37, 254893, 3055, 895, 0
828, 0, 64, 772, 749, 175, 29.73%, 61, 0, 2, 312.64, 256477, 3055, 895, 0
834, 0, 65, 783, 759, 178, 29.81%, 61, 0, 2, 306.37, 258136, 3063, 895, 0
839, 0, 65, 797, 773, 178, 29.81%, 61, 0, 2, 312.88, 259775, 3063, 895, 0
844, 0, 65, 798, 774, 178, 29.81%, 61, 0, 2, 311.57, 261342, 3063, 895, 0
849, 0, 65, 799, 775, 178, 29.81%, 61, 0, 2, 308.26, 262897, 3063, 895, 0
854, 0, 65, 799, 775, 178, 29.81%, 61, 0, 2, 307.45, 264446, 3063, 895, 0
859, 0, 65, 800, 776, 178, 29.84%, 61, 0, 2, 311.92, 266019, 3066, 895, 0
864, 0, 65, 800, 776, 178, 29.84%, 61, 0, 2, 314.26, 267591, 3066, 895, 0
869, 0, 65, 800, 776, 178, 29.84%, 61, 0, 2, 315.10, 269169, 3066, 895, 0
874, 0, 65, 800, 776, 178, 29.84%, 61, 0, 2, 311.41, 270735, 3066, 895, 0
879, 0, 66, 809, 784, 182, 29.87%, 61, 0, 2, 320.57, 272360, 3069, 895, 0
884, 0, 66, 826, 801, 182, 29.87%, 61, 0, 2, 328.62, 274070, 3069, 895, 0
889, 0, 66, 826, 801, 182, 29.87%, 61, 0, 2, 324.40, 275751, 3069, 895, 0
895, 0, 66, 826, 801, 182, 29.87%, 61, 0, 2, 326.69, 277419, 3069, 895, 0
900, 0, 66, 827, 802, 182, 29.88%, 61, 0, 2, 330.05, 279112, 3070, 895, 0
905, 0, 66, 827, 802, 182, 29.88%, 61, 0, 2, 326.04, 280744, 3070, 895, 0
910, 0, 66, 827, 802, 182, 29.88%, 61, 0, 2, 314.04, 282322, 3070, 895, 0
915, 0, 66, 827, 802, 182, 29.88%, 61, 0, 2, 322.69, 284020, 3070, 896, 0
920, 0, 67, 827, 801, 184, 29.88%, 62, 0, 2, 323.28, 285654, 3070, 897, 0
925, 0, 67, 837, 811, 184, 29.89%, 62, 0, 2, 197.04, 287105, 3071, 897, 0
930, 0, 67, 846, 820, 184, 29.91%, 63, 0, 2, 299.44, 288788, 3074, 898, 0
935, 0, 67, 847, 821, 184, 29.92%, 63, 0, 2, 309.45, 290356, 3075, 898, 0
940, 0, 67, 848, 822, 184, 29.93%, 63, 0, 2, 77.46, 291472, 3076, 898, 0
963, 0, 67, 848, 822, 184, 29.93%, 63, 0, 2, 2.53, 292677, 3076, 898, 0
968, 0, 67, 848, 822, 184, 29.93%, 63, 0, 2, 322.87, 294323, 3076, 898, 0
973, 0, 67, 848, 822, 184, 29.93%, 63, 0, 2, 324.52, 295938, 3076, 898, 0
978, 0, 67, 849, 823, 184, 29.93%, 63, 0, 2, 324.84, 297589, 3076, 898, 0
984, 0, 67, 850, 824, 184, 29.93%, 63, 0, 2, 322.09, 299246, 3076, 898, 0
989, 0, 68, 867, 840, 189, 29.94%, 63, 0, 2, 330.74, 300969, 3077, 898, 0
994, 0, 80, 871, 840, 189, 29.95%, 63, 0, 2, 358.50, 302782, 3078, 898, 0
999, 0, 749, 871, 838, 187, 29.95%, 63, 0, 2, 330.60, 304389, 3078, 898, 0
1004, 0, 749, 871, 838, 187, 29.95%, 63, 0, 2, 320.38, 306015, 3078, 898, 0
1009, 0, 801, 873, 839, 186, 29.95%, 63, 0, 3, 328.21, 307728, 3078, 898, 0
1015, 0, 652, 874, 839, 185, 29.95%, 63, 0, 3, 325.95, 309820, 3078, 898, 0
1021, 0, 178, 876, 831, 175, 29.95%, 63, 0, 3, 318.46, 311530, 3078, 898, 0
1027, 0, 178, 877, 832, 175, 29.95%, 63, 0, 3, 231.89, 312919, 3078, 898, 0
1032, 0, 193, 878, 827, 170, 29.95%, 63, 0, 3, 236.85, 314277, 3078, 898, 0
1037, 0, 193, 878, 827, 170, 29.95%, 63, 0, 3, 209.17, 315373, 3078, 898, 0
1042, 0, 193, 878, 827, 170, 29.95%, 63, 0, 3, 197.46, 316412, 3078, 898, 0
1047, 0, 193, 878, 827, 170, 29.95%, 63, 0, 3, 182.49, 317351, 3078, 898, 0
1053, 0, 566, 878, 826, 169, 29.95%, 63, 0, 3, 227.73, 318741, 3078, 905, 0
1058, 0, 220, 879, 822, 163, 29.95%, 63, 0, 3, 298.95, 320428, 3078, 917, 0
1063, 0, 220, 881, 824, 163, 29.96%, 63, 0, 3, 289.21, 322083, 3079, 917, 0
1068, 0, 255, 881, 823, 163, 29.96%, 63, 0, 3, 280.74, 323503, 3079, 917, 0
1073, 0, 256, 882, 823, 163, 29.96%, 63, 0, 3, 282.70, 324979, 3079, 917, 0
1079, 0, 281, 882, 822, 162, 29.96%, 63, 0, 3, 298.29, 326597, 3079, 917, 0
1084, 0, 266, 882, 820, 160, 29.96%, 63, 0, 3, 302.32, 328267, 3079, 917, 0
1089, 0, 266, 888, 826, 160, 29.96%, 63, 0, 3, 295.31, 329815, 3079, 917, 0
1094, 0, 271, 891, 828, 162, 29.96%, 63, 0, 3, 305.08, 331377, 3079, 917, 0
1099, 0, 784, 891, 825, 160, 29.96%, 63, 0, 3, 317.26, 333117, 3079, 917, 0
1105, 0, 312, 896, 829, 159, 30.01%, 63, 0, 3, 317.56, 334812, 3084, 917, 0
1110, 0, 301, 899, 828, 158, 30.01%, 63, 0, 3, 343.16, 336652, 3084, 917, 0
1115, 0, 309, 900, 825, 155, 30.01%, 63, 0, 3, 353.32, 338509, 3084, 917, 0
1121, 0, 415, 900, 823, 153, 30.01%, 63, 0, 3, 350.91, 340775, 3084, 917, 0
1126, 0, 775, 900, 822, 152, 30.01%, 63, 0, 3, 332.86, 342425, 3084, 917, 0
1131, 0, 680, 903, 823, 150, 30.01%, 63, 0, 3, 337.67, 344143, 3084, 917, 0
1138, 0, 318, 903, 821, 148, 30.01%, 63, 0, 3, 335.05, 346202, 3084, 917, 0
1143, 0, 319, 908, 824, 147, 30.01%, 63, 0, 3, 342.92, 348015, 3084, 917, 0
1149, 0, 437, 911, 823, 144, 30.01%, 63, 0, 3, 350.16, 350132, 3084, 917, 0
1154, 0, 437, 930, 842, 144, 30.07%, 63, 0, 3, 363.46, 352024, 3090, 918, 0
1159, 0, 437, 933, 845, 144, 30.17%, 63, 0, 3, 365.30, 353907, 3100, 918, 0
1164, 0, 437, 935, 847, 144, 30.19%, 63, 0, 3, 359.69, 355706, 3102, 919, 0
1169, 0, 437, 935, 847, 144, 30.19%, 63, 0, 3, 365.01, 357540, 3102, 919, 0
1174, 0, 437, 936, 848, 144, 30.19%, 63, 0, 3, 363.27, 359353, 3102, 920, 0
1179, 0, 437, 938, 850, 144, 30.19%, 63, 0, 3, 365.44, 361173, 3102, 921, 0
1184, 0, 437, 938, 850, 144, 30.19%, 63, 0, 3, 368.68, 363098, 3102, 921, 0
1189, 0, 369, 941, 849, 145, 30.19%, 63, 0, 3, 360.34, 364903, 3102, 921, 0
1195, 0, 676, 943, 846, 141, 30.19%, 63, 0, 3, 338.36, 366600, 3102, 921, 0
1200, 0, 340, 947, 844, 138, 30.21%, 63, 0, 3, 346.24, 368298, 3104, 921, 0
1205, 0, 351, 949, 841, 133, 30.21%, 63, 0, 3, 339.53, 370024, 3104, 921, 0
1210, 0, 367, 952, 841, 131, 30.22%, 63, 0, 3, 325.20, 371694, 3105, 921, 0
1216, 0, 504, 952, 840, 130, 30.22%, 63, 0, 3, 327.35, 373723, 3105, 921, 0
1221, 0, 372, 952, 837, 127, 30.22%, 63, 0, 3, 328.72, 375440, 3105, 921, 0
1226, 0, 685, 952, 830, 120, 30.22%, 63, 0, 3, 339.79, 377170, 3105, 921, 0
1231, 0, 697, 954, 823, 111, 30.22%, 63, 0, 3, 352.36, 379008, 3105, 921, 0
1236, 0, 413, 960, 824, 108, 30.23%, 63, 0, 3, 361.74, 380899, 3106, 922, 0
1241, 0, 428, 965, 824, 105, 30.25%, 63, 0, 3, 360.62, 382714, 3108, 923, 0
1247, 0, 889, 968, 820, 101, 30.25%, 63, 0, 3, 339.30, 384439, 3109, 923, 0
1252, 0, 724, 968, 819, 100, 30.25%, 63, 0, 3, 301.42, 385910, 3109, 923, 0
1257, 0, 474, 971, 821, 100, 30.25%, 63, 0, 3, 310.82, 387495, 3109, 923, 0
1262, 0, 884, 971, 819, 98, 30.25%, 63, 0, 3, 295.34, 389050, 3109, 923, 0
1267, 0, 594, 973, 820, 97, 30.25%, 63, 0, 3, 266.96, 390367, 3109, 1231, 0
1272, 0, 477, 973, 819, 97, 30.25%, 65, 0, 3, 248.23, 391599, 3109, 1742, 0
1277, 0, 946, 973, 818, 96, 30.25%, 65, 0, 3, 295.88, 393223, 3109, 1742, 0
1282, 0, 497, 974, 816, 93, 30.25%, 65, 0, 3, 314.84, 394847, 3109, 1742, 0
1287, 0, 150, 974, 814, 91, 30.25%, 65, 0, 3, 247.28, 396128, 3109, 1742, 0
1292, 0, 647, 974, 812, 90, 30.25%, 65, 0, 3, 269.77, 397411, 3109, 1747, 0
1297, 0, 501, 975, 811, 89, 30.25%, 65, 0, 3, 317.19, 399168, 3109, 1747, 0
1302, 0, 505, 976, 809, 87, 30.25%, 65, 0, 3, 331.98, 400876, 3109, 1747, 0
1307, 0, 525, 976, 804, 82, 30.25%, 65, 0, 3, 344.62, 402615, 3109, 1747, 0
1312, 0, 799, 976, 801, 79, 30.25%, 65, 0, 3, 331.92, 404254, 3109, 1747, 0
1318, 0, 572, 977, 799, 76, 30.25%, 65, 0, 3, 324.78, 405895, 3109, 1752, 0
1323, 0, 572, 982, 804, 76, 30.25%, 66, 0, 3, 313.01, 407454, 3109, 1766, 0
1328, 0, 572, 982, 804, 76, 30.25%, 66, 0, 3, 314.29, 409032, 3109, 1787, 0
1333, 0, 572, 983, 805, 76, 30.25%, 66, 0, 3, 315.37, 410617, 3109, 1805, 0
1338, 0, 572, 983, 805, 76, 30.25%, 66, 0, 3, 315.16, 412201, 3109, 1818, 0
1343, 0, 572, 983, 805, 76, 30.25%, 66, 0, 3, 312.07, 413755, 3109, 1833, 0
1348, 0, 572, 983, 805, 76, 30.25%, 66, 0, 3, 314.94, 415333, 3109, 1850, 0
1353, 0, 577, 983, 803, 75, 30.25%, 66, 0, 3, 321.46, 417006, 3109, 1859, 0
1358, 0, 590, 983, 801, 73, 30.25%, 68, 0, 3, 321.95, 418643, 3109, 1868, 0
1363, 0, 694, 987, 803, 71, 30.25%, 68, 0, 3, 338.03, 420372, 3109, 1889, 0
1368, 0, 694, 991, 807, 71, 30.25%, 68, 0, 3, 337.01, 422080, 3109, 1889, 0
1373, 0, 694, 991, 807, 71, 30.25%, 68, 0, 3, 341.09, 423802, 3109, 1890, 0
1378, 0, 694, 992, 808, 71, 30.25%, 68, 0, 3, 341.03, 425513, 3109, 1891, 0
1383, 0, 694, 993, 809, 71, 30.25%, 68, 0, 3, 343.10, 427242, 3109, 1891, 0
1390, 0, 602, 994, 809, 72, 30.26%, 68, 0, 3, 341.01, 429531, 3110, 1891, 0
1395, 0, 841, 994, 804, 67, 30.26%, 68, 0, 3, 345.32, 431374, 3110, 1891, 0
1400, 0, 636, 996, 803, 66, 30.27%, 68, 0, 3, 335.25, 433048, 3111, 1891, 0
1405, 0, 118, 996, 801, 64, 30.27%, 68, 0, 3, 268.32, 434412, 3111, 1891, 0
1410, 0, 912, 996, 799, 63, 30.27%, 68, 0, 3, 248.46, 435518, 3111, 1891, 0
1415, 0, 684, 1000, 802, 62, 30.27%, 68, 0, 3, 308.05, 437277, 3111, 1891, 0
1420, 0, 684, 1003, 805, 62, 30.27%, 68, 0, 3, 334.16, 438990, 3111, 1891, 0
1425, 0, 684, 1003, 805, 62, 30.27%, 68, 0, 3, 338.84, 440701, 3111, 1891, 0
1430, 0, 684, 1003, 805, 62, 30.27%, 68, 0, 3, 340.63, 442417, 3111, 1891, 0
1435, 0, 684, 1005, 807, 62, 30.27%, 68, 0, 3, 340.29, 444129, 3111, 1891, 0
1440, 0, 684, 1005, 807, 62, 30.27%, 68, 0, 3, 338.96, 445839, 3111, 1891, 0
1447, 0, 644, 1005, 806, 62, 30.27%, 68, 0, 3, 332.61, 447972, 3111, 1891, 0
1452, 0, 655, 1005, 803, 59, 30.27%, 68, 0, 3, 324.60, 449618, 3111, 1891, 0
1457, 0, 132, 1006, 801, 57, 30.27%, 68, 0, 3, 314.66, 451325, 3111, 1891, 0
1462, 0, 132, 1006, 801, 57, 30.27%, 68, 0, 3, 206.96, 452247, 3111, 1891, 0
1467, 0, 675, 1008, 799, 55, 30.27%, 68, 0, 3, 316.69, 454039, 3111, 1891, 0
1472, 0, 879, 1008, 796, 52, 30.27%, 68, 0, 3, 296.47, 455543, 3111, 1891, 0
1478, 0, 986, 1008, 795, 51, 30.27%, 68, 0, 3, 285.91, 457020, 3111, 1891, 0
1483, 0, 773, 1011, 797, 51, 30.27%, 68, 0, 4, 316.97, 458660, 3111, 1891, 0
1488, 0, 723, 1014, 794, 47, 30.27%, 68, 0, 4, 341.08, 460384, 3111, 1891, 0
1493, 0, 800, 1016, 793, 45, 30.27%, 68, 0, 4, 321.59, 462018, 3111, 1891, 0
1498, 0, 838, 1021, 797, 45, 30.27%, 68, 0, 4, 322.17, 463635, 3111, 1891, 0
1503, 0, 842, 1022, 796, 44, 30.27%, 68, 0, 4, 337.08, 465353, 3111, 1891, 0
1508, 0, 885, 1024, 792, 38, 30.27%, 68, 0, 4, 334.95, 467040, 3111, 1891, 0
1514, 0, 885, 1024, 792, 38, 30.27%, 68, 0, 4, 309.75, 468798, 3111, 1891, 0
1519, 0, 114, 1024, 787, 33, 30.27%, 68, 0, 4, 324.41, 470459, 3111, 1891, 0
1524, 0, 585, 1024, 786, 33, 30.27%, 68, 0, 4, 259.50, 471670, 3111, 1891, 0
1529, 0, 896, 1026, 782, 30, 30.71%, 68, 0, 4, 328.90, 473449, 3156, 1896, 0
1534, 0, 920, 1028, 776, 23, 30.71%, 68, 0, 4, 351.29, 475267, 3156, 1896, 0
1539, 0, 943, 1029, 770, 16, 30.71%, 68, 0, 4, 342.66, 477013, 3156, 1896, 0
1544, 0, 943, 1032, 773, 16, 30.71%, 68, 0, 4, 318.40, 478539, 3156, 1896, 0
1549, 0, 943, 1036, 777, 16, 30.71%, 68, 0, 4, 307.61, 480097, 3156, 1896, 0
1554, 0, 943, 1036, 777, 16, 30.71%, 68, 0, 4, 301.99, 481621, 3156, 1896, 0
1559, 0, 943, 1036, 777, 16, 30.71%, 68, 0, 4, 84.49, 482912, 3156, 1896, 0
1565, 0, 943, 1037, 778, 16, 30.71%, 68, 0, 4, 230.61, 484293, 3156, 1896, 0
1569, 0, 943, 1037, 778, 16, 30.71%, 68, 0, 4, 198.94, 485305, 3156, 1896, 0
1574, 0, 943, 1038, 779, 16, 30.71%, 68, 0, 4, 263.24, 486682, 3156, 1897, 0
1580, 0, 950, 1040, 779, 15, 30.71%, 69, 0, 4, 299.18, 488256, 3156, 1899, 0
1585, 0, 1015, 1040, 777, 14, 30.71%, 69, 0, 4, 309.90, 489898, 3156, 1899, 0
1590, 0, 1018, 1041, 775, 11, 30.71%, 70, 0, 4, 321.68, 491547, 3156, 1909, 0
1595, 0, 998, 1041, 774, 10, 30.71%, 70, 0, 4, 325.91, 493212, 3156, 1909, 0
1600, 0, 968, 1041, 772, 8, 30.71%, 70, 0, 4, 313.39, 494779, 3156, 1909, 0
1605, 0, 1038, 1045, 775, 7, 30.72%, 70, 0, 5, 342.55, 496497, 3157, 1909, 0
1610, 0, 971, 1046, 774, 7, 30.72%, 70, 0, 5, 328.73, 498220, 3157, 1909, 0
1615, 0, 1012, 1048, 774, 6, 30.73%, 70, 0, 6, 334.86, 499988, 3158, 1980, 0
1620, 0, 1012, 1054, 780, 6, 30.73%, 70, 0, 6, 361.61, 501831, 3158, 1980, 0
1625, 0, 1012, 1055, 781, 6, 30.73%, 70, 0, 6, 368.93, 503756, 3158, 1980, 0
1630, 0, 1012, 1055, 781, 6, 30.73%, 70, 0, 6, 369.66, 505604, 3158, 1980, 0
1635, 0, 1012, 1055, 781, 6, 30.73%, 70, 0, 6, 359.99, 507361, 3158, 1980, 0
1640, 0, 1012, 1055, 781, 6, 30.73%, 70, 0, 6, 363.39, 509181, 3158, 1980, 0
1645, 0, 1012, 1055, 781, 6, 30.73%, 70, 0, 6, 363.83, 511008, 3158, 1980, 0
1650, 0, 1024, 1056, 781, 8, 30.73%, 70, 0, 6, 364.36, 512895, 3158, 1980, 0
1656, 0, 1025, 1057, 779, 5, 30.73%, 71, 0, 6, 361.78, 514791, 3158, 1981, 0
1661, 0, 1019, 1057, 776, 3, 30.73%, 71, 0, 6, 343.32, 516540, 3158, 1981, 0
1666, 0, 1047, 1059, 775, 1, 30.73%, 71, 0, 6, 340.78, 518267, 3158, 1981, 0
1671, 0, 821, 1059, 773, 0, 30.73%, 71, 0, 6, 327.92, 519931, 3158, 1987, 0
1676, 0, 558, 1059, 771, 0, 30.73%, 71, 0, 6, 335.62, 521581, 3158, 1987, 0
1681, 0, 777, 1059, 770, 0, 30.73%, 71, 0, 6, 318.48, 523249, 3158, 1987, 0
1686, 0, 555, 1061, 770, 0, 30.73%, 71, 0, 6, 330.19, 524953, 3158, 1989, 0
1691, 0, 1047, 1061, 768, 0, 30.73%, 71, 0, 6, 343.06, 526654, 3158, 2067, 0
1696, 0, 794, 1062, 767, 0, 30.73%, 71, 0, 6, 341.42, 528389, 3158, 2073, 0
1701, 0, 100, 1062, 766, 0, 30.73%, 71, 0, 6, 266.68, 529749, 3158, 2076, 0
1707, 0, 100, 1063, 767, 0, 30.73%, 71, 0, 6, 202.66, 530822, 3158, 2076, 0
1712, 0, 264, 1063, 765, 0, 30.73%, 71, 0, 6, 268.74, 532228, 3158, 2076, 0
1717, 0, 727, 1063, 764, 0, 30.73%, 71, 0, 6, 289.89, 533730, 3158, 2076, 0
1724, 0, 481, 1064, 764, 0, 30.73%, 71, 0, 6, 312.10, 535958, 3158, 2076, 0
1729, 0, 129, 1065, 764, 0, 30.73%, 71, 0, 6, 336.44, 537748, 3158, 2077, 0
1734, 0, 129, 1065, 764, 0, 30.73%, 71, 0, 6, 228.40, 538796, 3158, 2077, 0
1739, 0, 731, 1066, 763, 0, 30.73%, 71, 0, 6, 292.22, 540378, 3158, 2077, 0
1744, 0, 543, 1066, 762, 0, 30.73%, 71, 0, 6, 295.99, 541934, 3158, 2077, 0
1749, 0, 872, 1067, 762, 0, 30.73%, 71, 0, 6, 314.03, 543545, 3158, 2145, 0
1754, 0, 144, 1067, 760, 0, 30.73%, 71, 0, 6, 296.93, 545084, 3158, 2145, 0
1760, 0, 378, 1067, 759, 0, 30.73%, 71, 0, 6, 232.08, 546125, 3158, 2145, 0
1765, 0, 615, 1070, 760, 0, 30.73%, 71, 0, 6, 302.42, 547833, 3158, 2145, 0
1770, 0, 565, 1071, 758, 0, 30.73%, 71, 0, 6, 334.80, 549562, 3158, 2146, 0
1775, 0, 762, 1071, 756, 0, 30.73%, 71, 0, 6, 323.68, 551194, 3158, 2147, 0
1780, 0, 600, 1072, 753, 0, 30.73%, 71, 0, 6, 346.62, 553024, 3158, 2148, 0
1785, 0, 901, 1072, 751, 0, 30.73%, 71, 0, 6, 353.10, 554885, 3158, 2151, 0
1790, 0, 996, 1072, 747, 0, 30.73%, 71, 0, 6, 340.63, 556594, 3158, 2152, 0
1795, 0, 754, 1073, 744, 0, 30.73%, 71, 0, 6, 335.59, 558255, 3158, 2152, 0
1800, 0, 752, 1073, 743, 0, 30.73%, 71, 0, 6, 305.23, 559793, 3158, 2152, 0
1805, 0, 172, 1073, 742, 0, 30.73%, 71, 0, 6, 294.75, 561349, 3158, 2152, 0
1810, 0, 172, 1073, 742, 0, 30.73%, 71, 0, 6, 209.20, 562287, 3158, 2152, 0
1814, 0, 1053, 1073, 741, 0, 30.73%, 71, 0, 6, 283.25, 563326, 3158, 2152, 0
